# Phenofit 4 trace file Thu Nov 16 16:16:32 CET 2023

# FitSpecies 
#   name: Quercus_robur_Global
#   leafModel: UniChill_Unimodal(-122.0;2.68;-49.93;44.22;-0.17;22.72;169.87;4.74)
#   flowerModel: UniChill_Unimodal(-122.0;2.68;-49.93;44.22;-0.17;22.72;169.87;8.74)
#   fruitMaturationModel: Fructification2phases(-0.667;6.7;73.41;5.0;48.0;3.61;0.6;3.0)
#   senescenceModel: SenDelpierre(12.3;24.0;2.0;0.0;4081.0;12.0)
#   compoundBud: 2
#   leafHabit: 1
#   TDeath: -90.0
#   leafFrostModel: LeafFrostFunction(-7.0;10.0;-16.0;-10.0;-20.0;10.0;16.0)
#   flowerFrostModel: FlowerFrostFunction(-12.0;-50.0;-7.0;10.0;-16.0;-10.0;-20.0;10.0;16.0)
#   droughtModel: LimitPrecipitationRamp(258.0;486.0;1380.0;3465.0)
#   evapotranspirationModel: null
# locId.........: 1
# phenoBirthYear: 1951
# deciduous.....: true

# speciesFileName: /Applications/Capsis/data/phenofit4/SVN_files/species/Quercus_robur_ADuputie_Chuine.species
# climateFolderName: /Users/lizzie/Documents/git/projects/treegarden/misc/climatehazards/analyses/output/phenofitsims
# climateScenario: ERA5LAND

#			[leafMemory]	[leafMemory]	[leafMemory]	[leafMemory]	[flowerMemory]	[flowerMemory]	[flowerMemory]	leaf	leaf	leaf	flower	flower	fruit	fruit			
#year	day	mode	phase	developmentState	frostState	senescenceEffect	phase	developmentState	frostState	leafDormancyBreakDate	leafUnfoldingDate	leafSenescenceDate	flowerDormancyBreakDate	floweringDate	fruitGrowthInitDate	fruitMaturationDate	leafIndex	fruitIndex	maturationIndex	pre	tmn	tmp	tmx	pet	aet	drought_index	available_water
1952	-122	mode:3	1	0.004308	0	1	1	0.004308	0	58	88.664481	318	58	108.630251	182	278	0.999003	0.999132	0.998896								
1952	-121	mode:3	1	0.009141	1	1	1	0.009141	1	58	88.664481	318	58	108.630251	182	278	0.999003	0.999132	0.998896								
1952	-120	mode:3	1	0.013744	1	1	1	0.013744	1	58	88.664481	318	58	108.630251	182	278	0.999003	0.999132	0.998896								
1952	-119	mode:3	1	0.018224	1	1	1	0.018224	1	58	88.664481	318	58	108.630251	182	278	0.999003	0.999132	0.998896								
1952	-118	mode:3	1	0.022683	1	1	1	0.022683	1	58	88.664481	318	58	108.630251	182	278	0.999003	0.999132	0.998896								
1952	-117	mode:3	1	0.027342	1	1	1	0.027342	1	58	88.664481	318	58	108.630251	182	278	0.999003	0.999132	0.998896								
1952	-116	mode:3	1	0.032088	1	1	1	0.032088	1	58	88.664481	318	58	108.630251	182	278	0.999003	0.999132	0.998896								
1952	-115	mode:3	1	0.036722	1	1	1	0.036722	1	58	88.664481	318	58	108.630251	182	278	0.999003	0.999132	0.998896								
1952	-114	mode:3	1	0.041274	1	1	1	0.041274	1	58	88.664481	318	58	108.630251	182	278	0.999003	0.999132	0.998896								
1952	-113	mode:3	1	0.045898	1	1	1	0.045898	1	58	88.664481	318	58	108.630251	182	278	0.999003	0.999132	0.998896								
1952	-112	mode:3	1	0.05055	1	1	1	0.05055	1	58	88.664481	318	58	108.630251	182	278	0.999003	0.999132	0.998896								
1952	-111	mode:3	1	0.055366	1	1	1	0.055366	1	58	88.664481	318	58	108.630251	182	278	0.999003	0.999132	0.998896								
1952	-110	mode:3	1	0.059972	1	1	1	0.059972	1	58	88.664481	318	58	108.630251	182	278	0.999003	0.999132	0.998896								
1952	-109	mode:3	1	0.06472	1	1	1	0.06472	1	58	88.664481	318	58	108.630251	182	278	0.999003	0.999132	0.998896								
1952	-108	mode:3	1	0.069522	1	1	1	0.069522	1	58	88.664481	318	58	108.630251	182	278	0.999003	0.999132	0.998896								
1952	-107	mode:3	1	0.074218	1	1	1	0.074218	1	58	88.664481	318	58	108.630251	182	278	0.999003	0.999132	0.998896								
1952	-106	mode:3	1	0.078998	1	1	1	0.078998	1	58	88.664481	318	58	108.630251	182	278	0.999003	0.999132	0.998896								
1952	-105	mode:3	1	0.083776	1	1	1	0.083776	1	58	88.664481	318	58	108.630251	182	278	0.999003	0.999132	0.998896								
1952	-104	mode:3	1	0.088916	1	1	1	0.088916	1	58	88.664481	318	58	108.630251	182	278	0.999003	0.999132	0.998896								
1952	-103	mode:3	1	0.093921	1	1	1	0.093921	1	58	88.664481	318	58	108.630251	182	278	0.999003	0.999132	0.998896								
1952	-102	mode:3	1	0.098923	1	1	1	0.098923	1	58	88.664481	318	58	108.630251	182	278	0.999003	0.999132	0.998896								
1952	-101	mode:3	1	0.10404	1	1	1	0.10404	1	58	88.664481	318	58	108.630251	182	278	0.999003	0.999132	0.998896								
1952	-100	mode:3	1	0.109069	1	1	1	0.109069	1	58	88.664481	318	58	108.630251	182	278	0.999003	0.999132	0.998896								
1952	-99	mode:3	1	0.113829	1	1	1	0.113829	1	58	88.664481	318	58	108.630251	182	278	0.999003	0.999132	0.998896								
1952	-98	mode:3	1	0.118804	1	1	1	0.118804	1	58	88.664481	318	58	108.630251	182	278	0.999003	0.999132	0.998896								
1952	-97	mode:3	1	0.123768	1	1	1	0.123768	1	58	88.664481	318	58	108.630251	182	278	0.999003	0.999132	0.998896								
1952	-96	mode:3	1	0.128672	1	1	1	0.128672	1	58	88.664481	318	58	108.630251	182	278	0.999003	0.999132	0.998896								
1952	-95	mode:3	1	0.133749	1	1	1	0.133749	1	58	88.664481	318	58	108.630251	182	278	0.999003	0.999132	0.998896								
1952	-94	mode:3	1	0.138873	1	1	1	0.138873	1	58	88.664481	318	58	108.630251	182	278	0.999003	0.999132	0.998896								
1952	-93	mode:3	1	0.14408	1	1	1	0.14408	1	58	88.664481	318	58	108.630251	182	278	0.999003	0.999132	0.998896								
1952	-92	mode:3	1	0.149191	1	1	1	0.149191	1	58	88.664481	318	58	108.630251	182	278	0.999003	0.999132	0.998896								
1952	-91	mode:3	1	0.154415	1	1	1	0.154415	1	58	88.664481	318	58	108.630251	182	278	0.999003	0.999132	0.998896								
1952	-90	mode:3	1	0.159528	1	1	1	0.159528	1	58	88.664481	318	58	108.630251	182	278	0.999003	0.999132	0.998896								
1952	-89	mode:3	1	0.164622	1	1	1	0.164622	1	58	88.664481	318	58	108.630251	182	278	0.999003	0.999132	0.998896								
1952	-88	mode:3	1	0.169625	1	1	1	0.169625	1	58	88.664481	318	58	108.630251	182	278	0.999003	0.999132	0.998896								
1952	-87	mode:3	1	0.174803	1	1	1	0.174803	1	58	88.664481	318	58	108.630251	182	278	0.999003	0.999132	0.998896								
1952	-86	mode:3	1	0.180086	1	1	1	0.180086	1	58	88.664481	318	58	108.630251	182	278	0.999003	0.999132	0.998896								
1952	-85	mode:3	1	0.18542	1	1	1	0.18542	1	58	88.664481	318	58	108.630251	182	278	0.999003	0.999132	0.998896								
1952	-84	mode:3	1	0.190736	1	1	1	0.190736	1	58	88.664481	318	58	108.630251	182	278	0.999003	0.999132	0.998896								
1952	-83	mode:3	1	0.196097	1	1	1	0.196097	1	58	88.664481	318	58	108.630251	182	278	0.999003	0.999132	0.998896								
1952	-82	mode:3	1	0.201482	1	1	1	0.201482	1	58	88.664481	318	58	108.630251	182	278	0.999003	0.999132	0.998896								
1952	-81	mode:3	1	0.206851	1	1	1	0.206851	1	58	88.664481	318	58	108.630251	182	278	0.999003	0.999132	0.998896								
1952	-80	mode:3	1	0.212194	1	1	1	0.212194	1	58	88.664481	318	58	108.630251	182	278	0.999003	0.999132	0.998896								
1952	-79	mode:3	1	0.217351	1	1	1	0.217351	1	58	88.664481	318	58	108.630251	182	278	0.999003	0.999132	0.998896								
1952	-78	mode:3	1	0.222601	1	1	1	0.222601	1	58	88.664481	318	58	108.630251	182	278	0.999003	0.999132	0.998896								
1952	-77	mode:3	1	0.2279	1	1	1	0.2279	1	58	88.664481	318	58	108.630251	182	278	0.999003	0.999132	0.998896								
1952	-76	mode:3	1	0.23326	0.999999	1	1	0.23326	0.999999	58	88.664481	318	58	108.630251	182	278	0.999003	0.999132	0.998896								
1952	-75	mode:3	1	0.238618	0.999999	1	1	0.238618	0.999999	58	88.664481	318	58	108.630251	182	278	0.999003	0.999132	0.998896								
1952	-74	mode:3	1	0.244082	0.999999	1	1	0.244082	0.999999	58	88.664481	318	58	108.630251	182	278	0.999003	0.999132	0.998896								
1952	-73	mode:3	1	0.249594	0.999999	1	1	0.249594	0.999999	58	88.664481	318	58	108.630251	182	278	0.999003	0.999132	0.998896								
1952	-72	mode:3	1	0.255016	0.999999	1	1	0.255016	0.999999	58	88.664481	318	58	108.630251	182	278	0.999003	0.999132	0.998896								
1952	-71	mode:3	1	0.260463	0.999999	1	1	0.260463	0.999999	58	88.664481	318	58	108.630251	182	278	0.999003	0.999132	0.998896								
1952	-70	mode:3	1	0.265872	0.999998	1	1	0.265872	0.999998	58	88.664481	318	58	108.630251	182	278	0.999003	0.999132	0.998896								
1952	-69	mode:3	1	0.2715	0.999998	1	1	0.2715	0.999998	58	88.664481	318	58	108.630251	182	278	0.999003	0.999132	0.998896								
1952	-68	mode:3	1	0.277188	0.999997	1	1	0.277188	0.999997	58	88.664481	318	58	108.630251	182	278	0.999003	0.999132	0.998896								
1952	-67	mode:3	1	0.282811	0.999996	1	1	0.282811	0.999996	58	88.664481	318	58	108.630251	182	278	0.999003	0.999132	0.998896								
1952	-66	mode:3	1	0.288461	0.999994	1	1	0.288461	0.999994	58	88.664481	318	58	108.630251	182	278	0.999003	0.999132	0.998896								
1952	-65	mode:3	1	0.294032	0.999993	1	1	0.294032	0.999993	58	88.664481	318	58	108.630251	182	278	0.999003	0.999132	0.998896								
1952	-64	mode:3	1	0.29941	0.999993	1	1	0.29941	0.999993	58	88.664481	318	58	108.630251	182	278	0.999003	0.999132	0.998896								
1952	-63	mode:3	1	0.304869	0.999993	1	1	0.304869	0.999993	58	88.664481	318	58	108.630251	182	278	0.999003	0.999132	0.998896								
1952	-62	mode:3	1	0.31035	0.999992	1	1	0.31035	0.999992	58	88.664481	318	58	108.630251	182	278	0.999003	0.999132	0.998896								
1952	-61	mode:3	1	0.31587	0.999992	1	1	0.31587	0.999992	58	88.664481	318	58	108.630251	182	278	0.999003	0.999132	0.998896								
1952	-60	mode:3	1	0.321423	0.999991	1	1	0.321423	0.999991	58	88.664481	318	58	108.630251	182	278	0.999003	0.999132	0.998896								
1952	-59	mode:3	1	0.326881	0.999991	1	1	0.326881	0.999991	58	88.664481	318	58	108.630251	182	278	0.999003	0.999132	0.998896								
1952	-58	mode:3	1	0.332478	0.999991	1	1	0.332478	0.999991	58	88.664481	318	58	108.630251	182	278	0.999003	0.999132	0.998896								
1952	-57	mode:3	1	0.338043	0.99999	1	1	0.338043	0.99999	58	88.664481	318	58	108.630251	182	278	0.999003	0.999132	0.998896								
1952	-56	mode:3	1	0.343412	0.99999	1	1	0.343412	0.99999	58	88.664481	318	58	108.630251	182	278	0.999003	0.999132	0.998896								
1952	-55	mode:3	1	0.348735	0.99999	1	1	0.348735	0.99999	58	88.664481	318	58	108.630251	182	278	0.999003	0.999132	0.998896								
1952	-54	mode:3	1	0.354088	0.99999	1	1	0.354088	0.99999	58	88.664481	318	58	108.630251	182	278	0.999003	0.999132	0.998896								
1952	-53	mode:3	1	0.359572	0.99999	1	1	0.359572	0.99999	58	88.664481	318	58	108.630251	182	278	0.999003	0.999132	0.998896								
1952	-52	mode:3	1	0.365111	0.99999	1	1	0.365111	0.99999	58	88.664481	318	58	108.630251	182	278	0.999003	0.999132	0.998896								
1952	-51	mode:3	1	0.370676	0.999989	1	1	0.370676	0.999989	58	88.664481	318	58	108.630251	182	278	0.999003	0.999132	0.998896								
1952	-50	mode:3	1	0.376291	0.999988	1	1	0.376291	0.999988	58	88.664481	318	58	108.630251	182	278	0.999003	0.999132	0.998896								
1952	-49	mode:3	1	0.381919	0.999987	1	1	0.381919	0.999987	58	88.664481	318	58	108.630251	182	278	0.999003	0.999132	0.998896								
1952	-48	mode:3	1	0.387615	0.999984	1	1	0.387615	0.999984	58	88.664481	318	58	108.630251	182	278	0.999003	0.999132	0.998896								
1952	-47	mode:3	1	0.393321	0.99998	1	1	0.393321	0.99998	58	88.664481	318	58	108.630251	182	278	0.999003	0.999132	0.998896								
1952	-46	mode:3	1	0.399023	0.999976	1	1	0.399023	0.999976	58	88.664481	318	58	108.630251	182	278	0.999003	0.999132	0.998896								
1952	-45	mode:3	1	0.40472	0.999972	1	1	0.40472	0.999972	58	88.664481	318	58	108.630251	182	278	0.999003	0.999132	0.998896								
1952	-44	mode:3	1	0.410293	0.999971	1	1	0.410293	0.999971	58	88.664481	318	58	108.630251	182	278	0.999003	0.999132	0.998896								
1952	-43	mode:3	1	0.415734	0.999971	1	1	0.415734	0.999971	58	88.664481	318	58	108.630251	182	278	0.999003	0.999132	0.998896								
1952	-42	mode:3	1	0.421378	0.99997	1	1	0.421378	0.99997	58	88.664481	318	58	108.630251	182	278	0.999003	0.999132	0.998896								
1952	-41	mode:3	1	0.427009	0.99997	1	1	0.427009	0.99997	58	88.664481	318	58	108.630251	182	278	0.999003	0.999132	0.998896								
1952	-40	mode:3	1	0.43265	0.999968	1	1	0.43265	0.999968	58	88.664481	318	58	108.630251	182	278	0.999003	0.999132	0.998896								
1952	-39	mode:3	1	0.438363	0.999966	1	1	0.438363	0.999966	58	88.664481	318	58	108.630251	182	278	0.999003	0.999132	0.998896								
1952	-38	mode:3	1	0.444069	0.999963	1	1	0.444069	0.999963	58	88.664481	318	58	108.630251	182	278	0.999003	0.999132	0.998896								
1952	-37	mode:3	1	0.449647	0.999962	1	1	0.449647	0.999962	58	88.664481	318	58	108.630251	182	278	0.999003	0.999132	0.998896								
1952	-36	mode:3	1	0.455213	0.99996	1	1	0.455213	0.99996	58	88.664481	318	58	108.630251	182	278	0.999003	0.999132	0.998896								
1952	-35	mode:3	1	0.460863	0.999958	1	1	0.460863	0.999958	58	88.664481	318	58	108.630251	182	278	0.999003	0.999132	0.998896								
1952	-34	mode:3	1	0.466632	0.999955	1	1	0.466632	0.999955	58	88.664481	318	58	108.630251	182	278	0.999003	0.999132	0.998896								
1952	-33	mode:3	1	0.472422	0.999948	1	1	0.472422	0.999948	58	88.664481	318	58	108.630251	182	278	0.999003	0.999132	0.998896								
1952	-32	mode:3	1	0.478233	0.999936	1	1	0.478233	0.999936	58	88.664481	318	58	108.630251	182	278	0.999003	0.999132	0.998896								
1952	-31	mode:3	1	0.484032	0.999925	1	1	0.484032	0.999925	58	88.664481	318	58	108.630251	182	278	0.999003	0.999132	0.998896								
1952	-30	mode:3	1	0.489809	0.999916	1	1	0.489809	0.999916	58	88.664481	318	58	108.630251	182	278	0.999003	0.999132	0.998896								
1952	-29	mode:3	1	0.495576	0.999913	1	1	0.495576	0.999913	58	88.664481	318	58	108.630251	182	278	0.999003	0.999132	0.998896								
1952	-28	mode:3	1	0.501343	0.99991	1	1	0.501343	0.99991	58	88.664481	318	58	108.630251	182	278	0.999003	0.999132	0.998896								
1952	-27	mode:3	1	0.507157	0.999897	1	1	0.507157	0.999897	58	88.664481	318	58	108.630251	182	278	0.999003	0.999132	0.998896								
1952	-26	mode:3	1	0.512958	0.999886	1	1	0.512958	0.999886	58	88.664481	318	58	108.630251	182	278	0.999003	0.999132	0.998896								
1952	-25	mode:3	1	0.518694	0.999884	1	1	0.518694	0.999884	58	88.664481	318	58	108.630251	182	278	0.999003	0.999132	0.998896								
1952	-24	mode:3	1	0.524478	0.999879	1	1	0.524478	0.999879	58	88.664481	318	58	108.630251	182	278	0.999003	0.999132	0.998896								
1952	-23	mode:3	1	0.530267	0.999875	1	1	0.530267	0.999875	58	88.664481	318	58	108.630251	182	278	0.999003	0.999132	0.998896								
1952	-22	mode:3	1	0.53606	0.999867	1	1	0.53606	0.999867	58	88.664481	318	58	108.630251	182	278	0.999003	0.999132	0.998896								
1952	-21	mode:3	1	0.541801	0.999863	1	1	0.541801	0.999863	58	88.664481	318	58	108.630251	182	278	0.999003	0.999132	0.998896								
1952	-20	mode:3	1	0.54759	0.999857	1	1	0.54759	0.999857	58	88.664481	318	58	108.630251	182	278	0.999003	0.999132	0.998896								
1952	-19	mode:3	1	0.553383	0.999853	1	1	0.553383	0.999853	58	88.664481	318	58	108.630251	182	278	0.999003	0.999132	0.998896								
1952	-18	mode:3	1	0.55912	0.99985	1	1	0.55912	0.99985	58	88.664481	318	58	108.630251	182	278	0.999003	0.999132	0.998896								
1952	-17	mode:3	1	0.564845	0.999848	1	1	0.564845	0.999848	58	88.664481	318	58	108.630251	182	278	0.999003	0.999132	0.998896								
1952	-16	mode:3	1	0.570594	0.999844	1	1	0.570594	0.999844	58	88.664481	318	58	108.630251	182	278	0.999003	0.999132	0.998896								
1952	-15	mode:3	1	0.576399	0.999836	1	1	0.576399	0.999836	58	88.664481	318	58	108.630251	182	278	0.999003	0.999132	0.998896								
1952	-14	mode:3	1	0.582195	0.999832	1	1	0.582195	0.999832	58	88.664481	318	58	108.630251	182	278	0.999003	0.999132	0.998896								
1952	-13	mode:3	1	0.587985	0.999826	1	1	0.587985	0.999826	58	88.664481	318	58	108.630251	182	278	0.999003	0.999132	0.998896								
1952	-12	mode:3	1	0.593773	0.999818	1	1	0.593773	0.999818	58	88.664481	318	58	108.630251	182	278	0.999003	0.999132	0.998896								
1952	-11	mode:3	1	0.599515	0.999817	1	1	0.599515	0.999817	58	88.664481	318	58	108.630251	182	278	0.999003	0.999132	0.998896								
1952	-10	mode:3	1	0.605138	0.999817	1	1	0.605138	0.999817	58	88.664481	318	58	108.630251	182	278	0.999003	0.999132	0.998896								
1952	-9	mode:3	1	0.610716	0.999817	1	1	0.610716	0.999817	58	88.664481	318	58	108.630251	182	278	0.999003	0.999132	0.998896								
1952	-8	mode:3	1	0.616389	0.999816	1	1	0.616389	0.999816	58	88.664481	318	58	108.630251	182	278	0.999003	0.999132	0.998896								
1952	-7	mode:3	1	0.622125	0.999815	1	1	0.622125	0.999815	58	88.664481	318	58	108.630251	182	278	0.999003	0.999132	0.998896								
1952	-6	mode:3	1	0.627901	0.99981	1	1	0.627901	0.99981	58	88.664481	318	58	108.630251	182	278	0.999003	0.999132	0.998896								
1952	-5	mode:3	1	0.633678	0.999807	1	1	0.633678	0.999807	58	88.664481	318	58	108.630251	182	278	0.999003	0.999132	0.998896								
1952	-4	mode:3	1	0.63949	0.999801	1	1	0.63949	0.999801	58	88.664481	318	58	108.630251	182	278	0.999003	0.999132	0.998896								
1952	-3	mode:3	1	0.645323	0.999791	1	1	0.645323	0.999791	58	88.664481	318	58	108.630251	182	278	0.999003	0.999132	0.998896								
1952	-2	mode:3	1	0.651111	0.999789	1	1	0.651111	0.999789	58	88.664481	318	58	108.630251	182	278	0.999003	0.999132	0.998896								
1952	-1	mode:3	1	0.656939	0.999782	1	1	0.656939	0.999782	58	88.664481	318	58	108.630251	182	278	0.999003	0.999132	0.998896								
1952	0	mode:3	1	0.66267	0.999779	1	1	0.66267	0.999779	58	88.664481	318	58	108.630251	182	278	0.999003	0.999132	0.998896								
1952	1	mode:3	1	0.668442	0.999776	1	1	0.668442	0.999776	58	88.664481	318	58	108.630251	182	278	0.999003	0.999132	0.998896	9.995	4.346494	8.776985	13.20748	0.904475	0.904475	1	273.461
1952	2	mode:3	1	0.67429	0.999765	1	1	0.67429	0.999765	58	88.664481	318	58	108.630251	182	278	0.999003	0.999132	0.998896	0.045	0.673494	6.222485	11.77148	0.848111	0.848111	1	272.657889
1952	3	mode:3	1	0.680137	0.999758	1	1	0.680137	0.999758	58	88.664481	318	58	108.630251	182	278	0.999003	0.999132	0.998896	0.007	1.828494	6.334985	10.84148	0.861782	0.861782	1	271.803107
1952	4	mode:3	1	0.686005	0.999744	1	1	0.686005	0.999744	58	88.664481	318	58	108.630251	182	278	0.999003	0.999132	0.998896	0.044	-0.032506	5.133485	10.29948	0.766718	0.766718	1	271.080389
1952	5	mode:3	1	0.691881	0.999733	1	1	0.691881	0.999733	58	88.664481	318	58	108.630251	182	278	0.999003	0.999132	0.998896	0.393	0.462494	4.546985	8.631476	0.795698	0.795698	1	270.677691
1952	6	mode:3	1	0.69773	0.999722	1	1	0.69773	0.999722	58	88.664481	318	58	108.630251	182	278	0.999003	0.999132	0.998896	0	0.445494	6.230485	12.01548	1.127496	1.127496	1	269.550195
1952	7	mode:3	1	0.703561	0.999716	1	1	0.703561	0.999716	58	88.664481	318	58	108.630251	182	278	0.999003	0.999132	0.998896	0	2.394494	6.916985	11.43948	0.958629	0.958629	1	268.591566
1952	8	mode:3	1	0.709398	0.999707	1	1	0.709398	0.999707	58	88.664481	318	58	108.630251	182	278	0.999003	0.999132	0.998896	0.002	0.813494	6.724985	12.63648	0.912422	0.912422	1	267.681145
1952	9	mode:3	1	0.715233	0.999698	1	1	0.715233	0.999698	58	88.664481	318	58	108.630251	182	278	0.999003	0.999132	0.998896	0.001	1.017494	6.806985	12.59648	0.874808	0.874808	1	266.807336
1952	10	mode:3	1	0.721076	0.999692	1	1	0.721076	0.999692	58	88.664481	318	58	108.630251	182	278	0.999003	0.999132	0.998896	0.957	1.895494	6.461985	11.02848	0.897959	0.897959	1	266.866378
1952	11	mode:3	1	0.72683	0.999689	1	1	0.72683	0.999689	58	88.664481	318	58	108.630251	182	278	0.999003	0.999132	0.998896	0	3.819494	9.230485	14.64148	1.178253	1.178253	1	265.688125
1952	12	mode:3	1	0.732592	0.999687	1	1	0.732592	0.999687	58	88.664481	318	58	108.630251	182	278	0.999003	0.999132	0.998896	6.327	4.958494	9.065985	13.17348	0.890549	0.890549	1	271.124576
1952	13	mode:3	1	0.738425	0.999683	1	1	0.738425	0.999683	58	88.664481	318	58	108.630251	182	278	0.999003	0.999132	0.998896	4.821	3.189494	6.838485	10.48748	2.131698	2.131698	1	273.461
1952	14	mode:3	1	0.7443	0.99966	1	1	0.7443	0.99966	58	88.664481	318	58	108.630251	182	278	0.999003	0.999132	0.998896	0.003	-1.522506	4.693485	10.90948	1.18369	1.18369	1	272.28031
1952	15	mode:3	1	0.750125	0.999648	1	1	0.750125	0.999648	58	88.664481	318	58	108.630251	182	278	0.999003	0.999132	0.998896	0.001	0.227494	7.169485	14.11148	1.170681	1.170681	1	271.110629
1952	16	mode:3	1	0.755954	0.99964	1	1	0.755954	0.99964	58	88.664481	318	58	108.630251	182	278	0.999003	0.999132	0.998896	0.395	1.223494	7.022985	12.82248	0.96104	0.96104	1	270.54459
1952	17	mode:3	1	0.761743	0.999637	1	1	0.761743	0.999637	58	88.664481	318	58	108.630251	182	278	0.999003	0.999132	0.998896	0.448	4.331494	8.319985	12.30848	0.905662	0.905662	1	270.086927
1952	18	mode:3	1	0.767601	0.999627	1	1	0.767601	0.999627	58	88.664481	318	58	108.630251	182	278	0.999003	0.999132	0.998896	1.434	0.649494	5.752985	10.85648	1.180737	1.180737	1	270.340191
1952	19	mode:3	1	0.773484	0.999612	1	1	0.773484	0.999612	58	88.664481	318	58	108.630251	182	278	0.999003	0.999132	0.998896	0	-0.505506	3.770985	8.047476	1.611766	1.611766	1	268.728425
1952	20	mode:3	1	0.779368	0.999594	1	1	0.779368	0.999594	58	88.664481	318	58	108.630251	182	278	0.999003	0.999132	0.998896	0.001	-1.086506	3.773485	8.633476	1.192763	1.192763	1	267.536661
1952	21	mode:3	1	0.785253	0.999582	1	1	0.785253	0.999582	58	88.664481	318	58	108.630251	182	278	0.999003	0.999132	0.998896	0	-0.013506	3.400985	6.815476	1.498482	1.498482	1	266.03818
1952	22	mode:3	1	0.791135	0.99957	1	1	0.791135	0.99957	58	88.664481	318	58	108.630251	182	278	0.999003	0.999132	0.998896	0.133	0.057494	3.952985	7.848476	1.674527	1.674527	1	264.496653
1952	23	mode:3	1	0.796992	0.999565	1	1	0.796992	0.999565	58	88.664481	318	58	108.630251	182	278	0.999003	0.999132	0.998896	0.574	2.060494	5.817485	9.574476	1.466933	1.466933	1	263.60372
1952	24	mode:3	1	0.802862	0.999556	1	1	0.802862	0.999556	58	88.664481	318	58	108.630251	182	278	0.999003	0.999132	0.998896	1.405	0.951494	4.983985	9.016476	0.998207	0.998207	1	264.010513
1952	25	mode:3	1	0.80872	0.99955	1	1	0.80872	0.99955	58	88.664481	318	58	108.630251	182	278	0.999003	0.999132	0.998896	0.429	1.941494	5.776985	9.612476	0.938609	0.938609	1	263.500904
1952	26	mode:3	1	0.814585	0.999543	1	1	0.814585	0.999543	58	88.664481	318	58	108.630251	182	278	0.999003	0.999132	0.998896	0.631	1.406494	5.347985	9.289476	1.150338	1.150338	1	262.981566
1952	27	mode:3	1	0.82046	0.999537	1	1	0.82046	0.999537	58	88.664481	318	58	108.630251	182	278	0.999003	0.999132	0.998896	6.237	1.947494	4.624485	7.301476	0.872664	0.872664	1	268.345902
1952	28	mode:3	1	0.826346	0.999518	1	1	0.826346	0.999518	58	88.664481	318	58	108.630251	182	278	0.999003	0.999132	0.998896	1.166	-1.184506	3.385485	7.955476	0.939716	0.939716	1	268.572186
1952	29	mode:3	1	0.832231	0.9995	1	1	0.832231	0.9995	58	88.664481	318	58	108.630251	182	278	0.999003	0.999132	0.998896	0.002	-1.157506	3.337985	7.833476	0.978941	0.978941	1	267.595245
1952	30	mode:3	1	0.838103	0.999488	1	1	0.838103	0.999488	58	88.664481	318	58	108.630251	182	278	0.999003	0.999132	0.998896	0.001	0.007494	4.945985	9.884476	1.096518	1.096518	1	266.499727
1952	31	mode:3	1	0.84398	0.999477	1	1	0.84398	0.999477	58	88.664481	318	58	108.630251	182	278	0.999003	0.999132	0.998896	0.074	0.059494	4.446485	8.833476	1.110324	1.110324	1	265.463403
1952	32	mode:3	1	0.849776	0.999471	1	1	0.849776	0.999471	58	88.664481	318	58	108.630251	182	278	0.999003	0.999132	0.998896	0.548	1.987757	8.102123	14.21649	1.194943	1.194943	1	264.81646
1952	33	mode:3	1	0.855577	0.999468	1	1	0.855577	0.999468	58	88.664481	318	58	108.630251	182	278	0.999003	0.999132	0.998896	2.885	3.895757	7.984623	12.07349	0.796392	0.796392	1	266.905067
1952	34	mode:3	1	0.861331	0.999465	1	1	0.861331	0.999465	58	88.664481	318	58	108.630251	182	278	0.999003	0.999132	0.998896	2.587	3.591757	9.225123	14.85849	1.114981	1.114981	1	268.377086
1952	35	mode:3	1	0.867152	0.999461	1	1	0.867152	0.999461	58	88.664481	318	58	108.630251	182	278	0.999003	0.999132	0.998896	2.51	3.445757	7.334123	11.22249	1.230904	1.230904	1	269.656183
1952	36	mode:3	1	0.872996	0.999458	1	1	0.872996	0.999458	58	88.664481	318	58	108.630251	182	278	0.999003	0.999132	0.998896	0.007	3.676757	6.415623	9.154488	2.513825	2.513825	1	267.149358
1952	37	mode:3	1	0.878862	0.999449	1	1	0.878862	0.999449	58	88.664481	318	58	108.630251	182	278	0.999003	0.999132	0.998896	0	1.178757	5.326623	9.474488	2.321051	2.321051	1	264.828307
1952	38	mode:3	1	0.884712	0.999439	1	1	0.884712	0.999439	58	88.664481	318	58	108.630251	182	278	0.999003	0.999132	0.998896	0.001	0.599757	6.144123	11.68849	1.34649	1.34649	1	263.482817
1952	39	mode:3	1	0.890531	0.999434	1	1	0.890531	0.999434	58	88.664481	318	58	108.630251	182	278	0.999003	0.999132	0.998896	2.581	2.362757	7.373623	12.38449	1.289234	1.289234	1	264.774583
1952	40	mode:3	1	0.896404	0.999416	1	1	0.896404	0.999416	58	88.664481	318	58	108.630251	182	278	0.999003	0.999132	0.998896	0.016	-1.015243	4.808123	10.63149	1.355965	1.355965	1	263.434618
1952	41	mode:3	1	0.902253	0.999409	1	1	0.902253	0.999409	58	88.664481	318	58	108.630251	182	278	0.999003	0.999132	0.998896	0.029	1.884757	6.193623	10.50249	1.219768	1.219768	1	262.243849
1952	42	mode:3	1	0.908063	0.9994	1	1	0.908063	0.9994	58	88.664481	318	58	108.630251	182	278	0.999003	0.999132	0.998896	0.001	0.743757	7.689123	14.63449	1.636529	1.636529	1	260.60832
1952	43	mode:3	1	0.913853	0.999392	1	1	0.913853	0.999392	58	88.664481	318	58	108.630251	182	278	0.999003	0.999132	0.998896	0.133	1.392757	8.297123	15.20149	1.429999	1.429999	1	259.311321
1952	44	mode:3	1	0.919694	0.999389	1	1	0.919694	0.999389	58	88.664481	318	58	108.630251	182	278	0.999003	0.999132	0.998896	9.853	3.504757	6.525123	9.545488	0.881567	0.881567	1	268.282753
1952	45	mode:3	1	0.925563	0.999375	1	1	0.925563	0.999375	58	88.664481	318	58	108.630251	182	278	0.999003	0.999132	0.998896	0.837	-0.370243	5.113623	10.59749	1.488215	1.488215	1	267.631538
1952	46	mode:3	1	0.931426	0.999362	1	1	0.931426	0.999362	58	88.664481	318	58	108.630251	182	278	0.999003	0.999132	0.998896	2.548	0.004757	5.480123	10.95549	1.372874	1.372874	1	268.806665
1952	47	mode:3	1	0.937302	0.999343	1	1	0.937302	0.999343	58	88.664481	318	58	108.630251	182	278	0.999003	0.999132	0.998896	0.004	-1.362243	4.635623	10.63349	1.484238	1.484238	1	267.326427
1952	48	mode:3	1	0.94317	0.999329	1	1	0.94317	0.999329	58	88.664481	318	58	108.630251	182	278	0.999003	0.999132	0.998896	0.126	-0.322243	5.117123	10.55649	1.630499	1.630499	1	265.821928
1952	49	mode:3	1	0.949049	0.999319	1	1	0.949049	0.999319	58	88.664481	318	58	108.630251	182	278	0.999003	0.999132	0.998896	2.107	0.285757	4.336123	8.386488	1.130788	1.130788	1	266.798139
1952	50	mode:3	1	0.9549	0.999313	1	1	0.9549	0.999313	58	88.664481	318	58	108.630251	182	278	0.999003	0.999132	0.998896	3.049	2.159757	6.114623	10.06949	1.849154	1.849154	1	267.997985
1952	51	mode:3	1	0.96077	0.999298	1	1	0.96077	0.999298	58	88.664481	318	58	108.630251	182	278	0.999003	0.999132	0.998896	0	-0.752243	5.037623	10.82749	1.499198	1.499198	1	266.498787
1952	52	mode:3	1	0.966598	0.999286	1	1	0.966598	0.999286	58	88.664481	318	58	108.630251	182	278	0.999003	0.999132	0.998896	0	-0.006243	7.041623	14.08949	1.661313	1.661313	1	264.837473
1952	53	mode:3	1	0.972423	0.999276	1	1	0.972423	0.999276	58	88.664481	318	58	108.630251	182	278	0.999003	0.999132	0.998896	0.002	0.392757	7.166623	13.94049	1.76804	1.76804	1	263.071434
1952	54	mode:3	1	0.978238	0.999271	1	1	0.978238	0.999271	58	88.664481	318	58	108.630251	182	278	0.999003	0.999132	0.998896	0.385	2.439757	7.540123	12.64049	1.236842	1.236842	1	262.219592
1952	55	mode:3	1	0.984005	0.999269	1	1	0.984005	0.999269	58	88.664481	318	58	108.630251	182	278	0.999003	0.999132	0.998896	0.092	4.805757	8.902623	12.99949	1.277754	1.277754	1	261.033838
1952	56	mode:3	1	0.989812	0.999264	1	1	0.989812	0.999264	58	88.664481	318	58	108.630251	182	278	0.999003	0.999132	0.998896	0.759	2.474757	7.795623	13.11649	1.265754	1.265754	1	260.527085
1952	57	mode:3	1	0.995574	0.999262	1	1	0.995574	0.999262	58	88.664481	318	58	108.630251	182	278	0.999003	0.999132	0.998896	0.18	5.243757	9.024123	12.80449	1.27976	1.27976	1	259.427325
1952	58	mode:3	1	1.001342	0.999256	1	1	1.001342	0.999256	58	88.664481	318	58	108.630251	182	278	0.999003	0.999132	0.998896	0.001	2.037757	8.901123	15.76449	1.856931	1.856931	1	257.571394
1952	59	mode:3	2	0.021801	0.999252	1	2	0.011824	0.999252	58	88.664481	318	58	108.630251	182	278	0.999003	0.999132	0.998896	0.001	3.243757	10.01012	16.776489	1.914321	1.914321	1	255.658073
1952	60	mode:3	2	0.045114	0.999247	1	2	0.024467	0.999247	58	88.664481	318	58	108.630251	182	278	0.999003	0.999132	0.998896	0.004	2.958757	10.45162	17.94449	2.081018	2.081018	1	253.581056
1952	61	mode:3	2	0.075937	0.999246	1	2	0.041183	0.999246	58	88.664481	318	58	108.630251	182	278	0.999003	0.999132	0.998896	0	6.71087	12.3346	17.95833	2.192828	2.192828	1	251.388227
1952	62	mode:3	2	0.100884	0.999242	1	2	0.054713	0.999242	58	88.664481	318	58	108.630251	182	278	0.999003	0.999132	0.998896	0	3.55187	10.9016	18.251329	2.264415	2.264415	1	249.123812
1952	63	mode:3	2	0.130607	0.99924	1	2	0.070832	0.99924	58	88.664481	318	58	108.630251	182	278	0.999003	0.999132	0.998896	0.193	5.79287	12.0851	18.377331	2.406005	2.406005	1	246.910807
1952	64	mode:3	2	0.166582	0.999239	1	2	0.090343	0.99924	58	88.664481	318	58	108.630251	182	278	0.999003	0.999132	0.998896	0.285	8.52987	13.4146	18.29933	1.962074	1.962074	1	245.233733
1952	65	mode:3	2	0.198584	0.999237	1	2	0.107699	0.999238	58	88.664481	318	58	108.630251	182	278	0.999003	0.999132	0.998896	0.006	5.55687	12.5941	19.63133	2.267313	2.267313	1	242.972421
1952	66	mode:3	2	0.235436	0.999236	1	2	0.127685	0.999236	58	88.664481	318	58	108.630251	182	278	0.999003	0.999132	0.998896	0	6.84687	13.5856	20.324329	2.479472	2.479472	1	240.492949
1952	67	mode:3	2	0.270662	0.999234	1	2	0.146789	0.999235	58	88.664481	318	58	108.630251	182	278	0.999003	0.999132	0.998896	0.001	6.97587	13.2656	19.55533	2.371479	2.371479	1	238.12247
1952	68	mode:3	2	0.309194	0.999234	1	2	0.167687	0.999234	58	88.664481	318	58	108.630251	182	278	0.999003	0.999132	0.998896	0.08	8.70487	13.9051	19.10533	2.402071	2.402071	1	235.800399
1952	69	mode:3	2	0.332989	0.999233	1	2	0.180591	0.999234	58	88.664481	318	58	108.630251	182	278	0.999003	0.999132	0.998896	3.674	9.14087	10.5871	12.03333	1.140175	1.140175	1	238.334224
1952	70	mode:3	2	0.356699	0.999232	1	2	0.19345	0.999233	58	88.664481	318	58	108.630251	182	278	0.999003	0.999132	0.998896	1.777	7.05787	10.5636	14.06933	1.504932	1.504932	1	238.606292
1952	71	mode:3	2	0.380408	0.999229	1	2	0.206308	0.99923	58	88.664481	318	58	108.630251	182	278	0.999003	0.999132	0.998896	0.373	5.44087	10.5631	15.68533	1.59482	1.59482	1	237.384472
1952	72	mode:3	2	0.405572	0.999229	1	2	0.219956	0.99923	58	88.664481	318	58	108.630251	182	278	0.999003	0.999132	0.998896	12.978	9.54287	10.9596	12.37633	0.933715	0.933715	1	249.428757
1952	73	mode:3	2	0.430654	0.999226	1	2	0.233558	0.999228	58	88.664481	318	58	108.630251	182	278	0.999003	0.999132	0.998896	4.751	5.78687	10.9376	16.088329	1.678985	1.678985	1	252.500771
1952	74	mode:3	2	0.454894	0.99922	1	2	0.246704	0.999222	58	88.664481	318	58	108.630251	182	278	0.999003	0.999132	0.998896	0.002	3.72387	10.7101	17.696329	2.301321	2.301321	1	250.20145
1952	75	mode:3	2	0.479318	0.999219	1	2	0.25995	0.999221	58	88.664481	318	58	108.630251	182	278	0.999003	0.999132	0.998896	2.515	6.90487	10.7606	14.61633	1.396463	1.396463	1	251.319987
1952	76	mode:3	2	0.510374	0.999218	1	2	0.276793	0.99922	58	88.664481	318	58	108.630251	182	278	0.999003	0.999132	0.998896	0.972	9.31287	12.3866	15.46033	1.858879	1.858879	1	250.433108
1952	77	mode:3	2	0.538329	0.999217	1	2	0.291954	0.999219	58	88.664481	318	58	108.630251	182	278	0.999003	0.999132	0.998896	1.454	7.38787	11.6671	15.94633	2.291336	2.291336	1	249.595772
1952	78	mode:3	2	0.561522	0.999215	1	2	0.304532	0.999216	58	88.664481	318	58	108.630251	182	278	0.999003	0.999132	0.998896	0.333	5.43387	10.4176	15.40133	1.778321	1.778321	1	248.150451
1952	79	mode:3	2	0.586762	0.999214	1	2	0.318221	0.999215	58	88.664481	318	58	108.630251	182	278	0.999003	0.999132	0.998896	19.204	7.20287	10.9796	14.75633	1.425752	1.425752	1	265.9287
1952	80	mode:3	2	0.610251	0.999203	1	2	0.33096	0.999207	58	88.664481	318	58	108.630251	182	278	0.999003	0.999132	0.998896	0	3.00287	10.5016	18.00033	2.522498	2.522498	1	263.406201
1952	81	mode:3	2	0.654999	0.999203	1	2	0.355228	0.999206	58	88.664481	318	58	108.630251	182	278	0.999003	0.999132	0.998896	0.085	8.89687	15.0006	21.10433	2.58184	2.58184	1	260.909361
1952	82	mode:3	2	0.704651	0.999203	1	2	0.382156	0.999206	58	88.664481	318	58	108.630251	182	278	0.999003	0.999132	0.998896	0.001	10.53287	15.7886	21.044331	2.89646	2.89646	1	258.013901
1952	83	mode:3	2	0.766006	0.999203	1	2	0.415431	0.999206	58	88.664481	318	58	108.630251	182	278	0.999003	0.999132	0.998896	0.064	13.49687	17.476601	21.456329	2.852718	2.852718	1	255.225183
1952	84	mode:3	2	0.81885	0.999203	1	2	0.44409	0.999206	58	88.664481	318	58	108.630251	182	278	0.999003	0.999132	0.998896	1.075	11.83687	16.2726	20.70833	2.734437	2.734437	1	253.565746
1952	85	mode:3	2	0.859862	0.999203	1	2	0.466332	0.999205	58	88.664481	318	58	108.630251	182	278	0.999003	0.999132	0.998896	0.597	9.15287	14.3571	19.561331	2.484331	2.484331	1	251.678414
1952	86	mode:3	2	0.896179	0.999203	1	2	0.486028	0.999205	58	88.664481	318	58	108.630251	182	278	0.999003	0.999132	0.998896	0.316	10.60187	13.4816	16.36133	1.98506	1.98506	1	250.009355
1952	87	mode:3	2	0.924053	0.999202	1	2	0.501145	0.999204	58	88.664481	318	58	108.630251	182	278	0.999003	0.999132	0.998896	0.562	7.48087	11.6476	15.81433	2.090872	2.090872	1	248.480483
1952	88	mode:3	2	0.966028	0.999202	1	2	0.52391	0.999204	58	88.664481	318	58	108.630251	182	278	0.999003	0.999132	0.998896	0.661	9.06087	14.5271	19.99333	3.042393	3.042393	1	246.09909
1952	89	mode:3	3	0	0.999202	1	2	0.551637	0.999204	58	88.664481	318	58	108.630251	182	278	0.999003	0.999132	0.998896	1.843	12.72087	16.014601	19.308331	3.499814	3.499814	1	244.442275
1952	90	mode:3	3	0	0.999202	1	2	0.578964	0.999204	58	88.664481	318	58	108.630251	182	278	0.999003	0.999132	0.998896	0.205	11.88987	15.9021	19.91433	4.101448	4.101448	1	240.545828
1952	91	mode:3	3	0	0.999202	1	2	0.608232	0.999204	58	88.664481	318	58	108.630251	182	278	0.999003	0.999132	0.998896	0.453	11.67587	16.438101	21.200331	4.005209	4.005209	1	236.993619
1952	92	mode:3	3	0	0.999202	1	2	0.637727	0.999203	58	88.664481	318	58	108.630251	182	278	0.999003	0.999132	0.998896	2.078	12.63427	16.499371	20.36446	3.90945	3.90945	1	235.162169
1952	93	mode:3	3	0	0.9992	1	2	0.647319	0.999201	58	88.664481	318	58	108.630251	182	278	0.999003	0.999132	0.998896	20.929001	5.21427	8.653367	12.09246	1.43566	1.43566	1	254.65551
1952	94	mode:3	3	0	0.99913	1	2	0.655003	0.999179	58	88.664481	318	58	108.630251	182	278	0.999003	0.999132	0.998896	2.724	1.82427	7.241867	12.65946	2.640224	2.640224	1	254.739286
1952	95	mode:3	3	0	0.999091	1	2	0.66314	0.999164	58	88.664481	318	58	108.630251	182	278	0.999003	0.999132	0.998896	1.723	2.46527	7.604867	12.74446	2.455338	2.455338	1	254.006948
1952	96	mode:3	3	0	0.999013	1	2	0.672157	0.999142	58	88.664481	318	58	108.630251	182	278	0.999003	0.999132	0.998896	0.209	1.82527	8.257367	14.68946	2.592961	2.592961	1	251.622987
1952	97	mode:3	3	0	0.999005	1	2	0.684237	0.999136	58	88.664481	318	58	108.630251	182	278	0.999003	0.999132	0.998896	0.037	4.06227	10.15087	16.23946	2.714411	2.714411	1	248.945576
1952	98	mode:3	3	0	0.999004	1	2	0.703187	0.999135	58	88.664481	318	58	108.630251	182	278	0.999003	0.999132	0.998896	0.001	7.07427	13.20837	19.342461	3.604461	3.604461	1	245.342115
1952	99	mode:3	3	0	0.999004	1	2	0.723451	0.999135	58	88.664481	318	58	108.630251	182	278	0.999003	0.999132	0.998896	0	7.81227	13.68437	19.556459	3.690756	3.690756	1	241.651359
1952	100	mode:3	3	0	0.999004	1	2	0.741568	0.999134	58	88.664481	318	58	108.630251	182	278	0.999003	0.999132	0.998896	0.005	7.77927	12.89287	18.00646	2.600477	2.600477	1	239.055883
1952	101	mode:3	3	0	0.999004	1	2	0.766621	0.999134	58	88.664481	318	58	108.630251	182	278	0.999003	0.999132	0.998896	0.004	10.73627	15.23937	19.74246	3.447928	3.447928	1	235.611955
1952	102	mode:3	3	0	0.999004	1	2	0.787147	0.999134	58	88.664481	318	58	108.630251	182	278	0.999003	0.999132	0.998896	0.3	8.47227	13.77637	19.08046	2.852656	2.852656	1	233.059298
1952	103	mode:3	3	0	0.999004	1	2	0.81118	0.999134	58	88.664481	318	58	108.630251	182	278	0.999003	0.999132	0.998896	4.087	13.15627	14.92787	16.699459	1.491239	1.491239	1	235.655059
1952	104	mode:3	3	0	0.999004	1	2	0.836049	0.999134	58	88.664481	318	58	108.630251	182	278	0.999003	0.999132	0.998896	0.868	12.96827	15.18387	17.39946	2.37239	2.37239	1	234.150669
1952	105	mode:3	3	0	0.999004	1	2	0.864235	0.999134	58	88.664481	318	58	108.630251	182	278	0.999003	0.999132	0.998896	0.004	12.45127	16.14237	19.83346	4.364605	4.364605	1	229.790063
1952	106	mode:3	3	0	0.999004	1	2	0.90079	0.999134	58	88.664481	318	58	108.630251	182	278	0.999003	0.999132	0.998896	0.509	14.33327	18.272369	22.21146	4.858337	4.858337	1	225.440726
1952	107	mode:3	3	0	0.999004	1	2	0.941546	0.999134	58	88.664481	318	58	108.630251	182	278	0.999003	0.999132	0.998896	1.716	13.61227	19.238371	24.86446	4.477358	4.477358	1	222.679368
1952	108	mode:3	3	0	0.999004	1	2	0.97616	0.999134	58	88.664481	318	58	108.630251	182	278	0.999003	0.999132	0.998896	0.384	11.38127	17.80637	24.231461	3.967229	3.967229	1	219.096139
1952	109	mode:3	3	0	0.999004	1	3	0.013617	0.999134	58	88.664481	318	58	108.630251	182	278	0.999003	0.999132	0.998896	2.923	12.03727	18.57037	25.10346	4.003996	4.003996	1	218.015143
1952	110	mode:3	3	0	0.999004	1	3	0.027232	0.999134	58	88.664481	318	58	108.630251	182	278	0.999003	0.999132	0.998896	0.316	11.31927	17.946369	24.57346	4.386182	4.386182	1	213.944961
1952	111	mode:3	3	0	0.999004	1	3	0.040848	0.999134	58	88.664481	318	58	108.630251	182	278	0.999003	0.999132	0.998896	0.003	10.97727	18.42787	25.87846	4.621712	4.621712	1	209.326249
1952	112	mode:3	3	0	0.999004	1	3	0.054465	0.999134	58	88.664481	318	58	108.630251	182	278	0.999003	0.999132	0.998896	0.001	12.18927	18.505871	24.82246	5.404812	5.404812	1	203.922437
1952	113	mode:3	3	0	0.999004	1	3	0.068043	0.999134	58	88.664481	318	58	108.630251	182	278	0.999003	0.999132	0.998896	4.469	12.69727	15.27537	17.85346	3.098754	3.098754	1	205.292683
1952	114	mode:3	3	0	0.999004	1	3	0.081641	0.999134	58	88.664481	318	58	108.630251	182	278	0.999003	0.999132	0.998896	0.185	12.98227	16.188869	19.39546	4.079613	4.079613	1	201.39807
1952	115	mode:3	3	0	0.999004	1	3	0.0952	0.999134	58	88.664481	318	58	108.630251	182	278	0.999003	0.999132	0.998896	2.85	10.80427	14.75287	18.70146	3.639497	3.639497	1	200.608573
1952	116	mode:3	3	0	0.999003	1	3	0.108587	0.999134	58	88.664481	318	58	108.630251	182	278	0.999003	0.999132	0.998896	5.756	7.05127	12.76087	18.470461	3.62011	3.62011	1	202.744463
1952	117	mode:3	3	0	0.999003	1	3	0.122195	0.999134	58	88.664481	318	58	108.630251	182	278	0.999003	0.999132	0.998896	1.641	11.71527	17.029869	22.34446	3.965504	3.965504	1	200.419959
1952	118	mode:3	3	0	0.999003	1	3	0.135751	0.999134	58	88.664481	318	58	108.630251	182	278	0.999003	0.999132	0.998896	3.208	11.88927	14.67387	17.45846	2.067113	2.067113	1	201.560846
1952	119	mode:3	3	0	0.999003	1	3	0.149348	0.999134	58	88.664481	318	58	108.630251	182	278	0.999003	0.999132	0.998896	0.555	10.80827	16.161869	21.515459	3.775303	3.775303	1	198.340542
1952	120	mode:3	3	0	0.999003	1	3	0.162937	0.999134	58	88.664481	318	58	108.630251	182	278	0.999003	0.999132	0.998896	0.471	9.95527	15.68637	21.417459	4.074461	4.074461	1	194.737082
1952	121	mode:3	3	0	0.999003	1	3	0.176541	0.999134	58	88.664481	318	58	108.630251	182	278	0.999003	0.999132	0.998896	0.693	12.58727	16.654869	20.72246	3.778156	3.778156	1	191.651925
1952	122	mode:3	3	0	0.999003	1	3	0.190078	0.999134	58	88.664481	318	58	108.630251	182	278	0.999003	0.999132	0.998896	5.038	12.33752	14.30063	16.263741	1.817907	1.817907	1	194.872019
1952	123	mode:3	3	0	0.999003	1	3	0.203511	0.999133	58	88.664481	318	58	108.630251	182	278	0.999003	0.999132	0.998896	11.71	8.739524	13.09413	17.44874	2.413005	2.413005	1	204.169014
1952	124	mode:3	3	0	0.999003	1	3	0.217026	0.999133	58	88.664481	318	58	108.630251	182	278	0.999003	0.999132	0.998896	3.972	7.873524	13.94063	20.00774	3.581911	3.581911	1	204.559103
1952	125	mode:3	3	0	0.999003	1	3	0.230638	0.999133	58	88.664481	318	58	108.630251	182	278	0.999003	0.999132	0.998896	4.992	14.00552	17.615129	21.224739	5.041161	5.041161	1	204.509942
1952	126	mode:3	3	0	0.999003	1	3	0.244251	0.999133	58	88.664481	318	58	108.630251	182	278	0.999003	0.999132	0.998896	0.03	12.18752	17.536131	22.884741	4.906091	4.906091	1	199.633851
1952	127	mode:3	3	0	0.999003	1	3	0.257841	0.999133	58	88.664481	318	58	108.630251	182	278	0.999003	0.999132	0.998896	8.676	12.36852	15.79263	19.21674	2.303719	2.303719	1	206.006132
1952	128	mode:3	3	0	0.999003	1	3	0.271423	0.999133	58	88.664481	318	58	108.630251	182	278	0.999003	0.999132	0.998896	0.29	10.24452	15.42263	20.60074	3.975699	3.975699	1	202.320433
1952	129	mode:3	3	0	0.999003	1	3	0.285019	0.999133	58	88.664481	318	58	108.630251	182	278	0.999003	0.999132	0.998896	0.403	12.69952	16.102131	19.50474	3.559043	3.559043	1	199.16439
1952	130	mode:3	3	0	0.999003	1	3	0.298624	0.999133	58	88.664481	318	58	108.630251	182	278	0.999003	0.999132	0.998896	0.005	10.99052	16.64613	22.301741	4.275652	4.275652	1	194.893738
1952	131	mode:3	3	0	0.999003	1	3	0.312235	0.999133	58	88.664481	318	58	108.630251	182	278	0.999003	0.999132	0.998896	0.008	12.39252	17.377131	22.36174	4.037942	4.037942	1	190.863796
1952	132	mode:3	3	0	0.999003	1	3	0.325843	0.999133	58	88.664481	318	58	108.630251	182	278	0.999003	0.999132	0.998896	11.326	12.16352	17.021629	21.87974	3.687217	3.687217	1	198.502579
1952	133	mode:3	3	0	0.999003	1	3	0.339441	0.999133	58	88.664481	318	58	108.630251	182	278	0.999003	0.999132	0.998896	5.07	11.19952	16.188129	21.176741	3.448104	3.448104	1	200.124475
1952	134	mode:3	3	0	0.999003	1	3	0.353049	0.999133	58	88.664481	318	58	108.630251	182	278	0.999003	0.999132	0.998896	0.179	11.13052	17.01613	22.901739	4.160455	4.160455	1	196.14302
1952	135	mode:3	3	0	0.999003	1	3	0.366664	0.999133	58	88.664481	318	58	108.630251	182	278	0.999003	0.999132	0.998896	0.092	12.18552	18.08963	23.99374	4.464356	4.464356	1	191.770664
1952	136	mode:3	3	0	0.999003	1	3	0.380275	0.999133	58	88.664481	318	58	108.630251	182	278	0.999003	0.999132	0.998896	0.001	10.01552	17.36463	24.713739	5.227779	5.227779	1	186.543885
1952	137	mode:3	3	0	0.999003	1	3	0.393891	0.999133	58	88.664481	318	58	108.630251	182	278	0.999003	0.999132	0.998896	0.002	11.01252	18.25713	25.50174	5.673591	5.673591	1	180.872294
1952	138	mode:3	3	0	0.999003	1	3	0.407511	0.999133	58	88.664481	318	58	108.630251	182	278	0.999003	0.999132	0.998896	0.001	11.60652	19.981131	28.35574	5.61968	5.61968	1	175.253614
1952	139	mode:3	3	0	0.999003	1	3	0.421132	0.999133	58	88.664481	318	58	108.630251	182	278	0.999003	0.999132	0.998896	0.04	15.48752	20.83363	26.179741	5.111842	5.111842	1	170.181773
1952	140	mode:3	3	0	0.999003	1	3	0.434751	0.999133	58	88.664481	318	58	108.630251	182	278	0.999003	0.999132	0.998896	0.623	14.63152	19.31563	23.999741	4.473957	4.473957	1	166.330815
1952	141	mode:3	3	0	0.999003	1	3	0.448371	0.999133	58	88.664481	318	58	108.630251	182	278	0.999003	0.999132	0.998896	2.761	14.71252	19.866131	25.019739	4.352566	4.352566	1	164.739249
1952	142	mode:3	3	0	0.999003	1	3	0.46199	0.999133	58	88.664481	318	58	108.630251	182	278	0.999003	0.999132	0.998896	8.374	14.54952	19.178631	23.807739	4.096029	4.096029	1	169.01722
1952	143	mode:3	3	0	0.999003	1	3	0.475593	0.999133	58	88.664481	318	58	108.630251	182	278	0.999003	0.999132	0.998896	0.36	12.41952	16.533131	20.64674	3.363405	3.363405	1	166.013815
1952	144	mode:3	3	0	0.999003	1	3	0.489201	0.999133	58	88.664481	318	58	108.630251	182	278	0.999003	0.999132	0.998896	2.776	13.41952	16.95513	20.49074	3.817028	3.817028	1	164.972787
1952	145	mode:3	3	0	0.999003	1	3	0.502799	0.999133	58	88.664481	318	58	108.630251	182	278	0.999003	0.999132	0.998896	0	9.513524	16.20513	22.89674	4.91996	4.91996	1	160.052827
1952	146	mode:3	3	0	0.999003	1	3	0.516419	0.999133	58	88.664481	318	58	108.630251	182	278	0.999003	0.999132	0.998896	0	12.52552	20.238131	27.950741	5.577731	5.480951	1	154.571876
1952	147	mode:3	3	0	0.999003	1	3	0.530039	0.999133	58	88.664481	318	58	108.630251	182	278	0.999003	0.999132	0.998896	0.002	12.88952	19.74263	26.595739	5.471677	5.111992	1	149.461885
1952	148	mode:3	3	0	0.999003	1	3	0.54366	0.999133	58	88.664481	318	58	108.630251	182	278	0.999003	0.999132	0.998896	0.003	13.00652	20.445629	27.884741	5.701443	4.779584	1	144.685301
1952	149	mode:3	3	0	0.999003	1	3	0.557281	0.999133	58	88.664481	318	58	108.630251	182	278	0.999003	0.999132	0.998896	0.068	14.56952	20.709129	26.84874	5.437389	4.478969	1	140.274332
1952	150	mode:3	3	0	0.999003	1	3	0.570902	0.999133	58	88.664481	318	58	108.630251	182	278	0.999003	0.999132	0.998896	0.092	15.65752	21.140129	26.62274	5.210343	4.210034	1	136.156298
1952	151	mode:3	3	0	0.999003	1	3	0.584523	0.999133	58	88.664481	318	58	108.630251	182	278	0.999003	0.999132	0.998896	0.026	14.45852	20.55463	26.65074	5.598379	3.966474	1	132.215824
1952	152	mode:3	3	0	0.999003	1	3	0.598144	0.999133	58	88.664481	318	58	108.630251	182	278	0.999003	0.999132	0.998896	0	15.89252	21.08363	26.27474	5.972978	3.740211	1	128.475613
1952	153	mode:3	3	0	0.999003	1	3	0.611766	0.999133	58	88.664481	318	58	108.630251	182	278	0.999003	0.999132	0.998896	0.013	15.25479	21.95299	28.65119	5.422312	3.531592	1	124.957021
1952	154	mode:3	3	0	0.999003	1	3	0.625387	0.999133	58	88.664481	318	58	108.630251	182	278	0.999003	0.999132	0.998896	2.347	17.459789	22.02449	26.58919	4.761333	3.3408	1	123.96322
1952	155	mode:3	3	0	0.999003	1	3	0.639009	0.999133	58	88.664481	318	58	108.630251	182	278	0.999003	0.999132	0.998896	0.071	17.45779	22.230989	27.00419	5.422185	3.287872	1	120.746348
1952	156	mode:3	3	0	0.999003	1	3	0.652631	0.999133	58	88.664481	318	58	108.630251	182	278	0.999003	0.999132	0.998896	4.743	17.12179	22.394489	27.667191	4.830629	3.119444	1	122.369904
1952	157	mode:3	3	0	0.999003	1	3	0.666253	0.999133	58	88.664481	318	58	108.630251	182	278	0.999003	0.999132	0.998896	0.043	17.27079	23.39999	29.52919	6.089558	3.203896	1	119.209008
1952	158	mode:3	3	0	0.999003	1	3	0.679875	0.999133	58	88.664481	318	58	108.630251	182	278	0.999003	0.999132	0.998896	0.001	17.04479	24.053989	31.06319	7.056316	3.040516	1	116.169492
1952	159	mode:3	3	0	0.999003	1	3	0.693496	0.999133	58	88.664481	318	58	108.630251	182	278	0.999003	0.999132	0.998896	3.489	17.674789	22.317989	26.961189	4.247123	2.887443	1	116.771049
1952	160	mode:3	3	0	0.999003	1	3	0.707118	0.999133	58	88.664481	318	58	108.630251	182	278	0.999003	0.999132	0.998896	4.891	19.31679	22.84399	26.371189	4.203396	2.917424	1	118.744625
1952	161	mode:3	3	0	0.999003	1	3	0.72074	0.999133	58	88.664481	318	58	108.630251	182	278	0.999003	0.999132	0.998896	0.998	18.02879	21.76099	25.493191	3.462061	3.016874	1	116.725752
1952	162	mode:3	3	0	0.999003	1	3	0.734362	0.999133	58	88.664481	318	58	108.630251	182	278	0.999003	0.999132	0.998896	0.042	16.922791	22.63949	28.35619	5.026584	2.915161	1	113.852591
1952	163	mode:3	3	0	0.999003	1	3	0.747984	0.999133	58	88.664481	318	58	108.630251	182	278	0.999003	0.999132	0.998896	0	17.01779	24.26199	31.506189	6.41591	2.773416	1	111.079175
1952	164	mode:3	3	0	0.999003	1	3	0.761605	0.999133	58	88.664481	318	58	108.630251	182	278	0.999003	0.999132	0.998896	0.001	16.699789	23.21649	29.733191	5.892629	2.639943	0.991368	108.440232
1952	165	mode:3	3	0	0.999003	1	3	0.775227	0.999133	58	88.664481	318	58	108.630251	182	278	0.999003	0.999132	0.998896	0.952	19.53879	24.13949	28.740191	5.382201	2.515997	0.97707	106.876235
1952	166	mode:3	3	0	0.999003	1	3	0.788849	0.999133	58	88.664481	318	58	108.630251	182	278	0.999003	0.999132	0.998896	0.494	17.78879	23.543489	29.298189	5.804456	2.443945	0.959244	104.92629
1952	167	mode:3	3	0	0.999003	1	3	0.802471	0.999133	58	88.664481	318	58	108.630251	182	278	0.999003	0.999132	0.998896	0.066	16.341789	23.09799	29.854191	5.954159	2.35558	0.938312	102.63671
1952	168	mode:3	3	0	0.999003	1	3	0.816093	0.999133	58	88.664481	318	58	108.630251	182	278	0.999003	0.999132	0.998896	0.092	18.220791	24.49349	30.76619	6.007071	2.2539	0.918548	100.47481
1952	169	mode:3	3	0	0.999003	1	3	0.829715	0.999133	58	88.664481	318	58	108.630251	182	278	0.999003	0.999132	0.998896	0.009	17.96179	24.540489	31.11919	5.440335	2.159949	0.898884	98.323861
1952	170	mode:3	3	0	0.999003	1	3	0.843337	0.999133	58	88.664481	318	58	108.630251	182	278	0.999003	0.999132	0.998896	3.107	19.171789	24.28599	29.40019	5.178304	2.06846	0.908378	99.362401
1952	171	mode:3	3	0	0.999003	1	3	0.856959	0.999133	58	88.664481	318	58	108.630251	182	278	0.999003	0.999132	0.998896	2.878	16.78479	22.419491	28.05419	4.935342	2.112386	0.915377	100.128015
1952	172	mode:3	3	0	0.999003	1	3	0.870581	0.999133	58	88.664481	318	58	108.630251	182	278	0.999003	0.999132	0.998896	12.626	18.470791	22.39399	26.31719	4.302717	2.145065	1	110.608951
1952	173	mode:3	3	0	0.999003	1	3	0.884203	0.999133	58	88.664481	318	58	108.630251	182	278	0.999003	0.999132	0.998896	1.176	18.786791	22.68099	26.57519	4.301582	2.617639	0.998015	109.167312
1952	174	mode:3	3	0	0.999003	1	3	0.897824	0.999133	58	88.664481	318	58	108.630251	182	278	0.999003	0.999132	0.998896	0.002	16.76079	23.17099	29.58119	5.504514	2.549849	0.974723	106.619463
1952	175	mode:3	3	0	0.999003	1	3	0.911447	0.999133	58	88.664481	318	58	108.630251	182	278	0.999003	0.999132	0.998896	0.173	18.314791	24.471491	30.628189	5.583841	2.432216	0.954069	104.360247
1952	176	mode:3	3	0	0.999003	1	3	0.925069	0.999133	58	88.664481	318	58	108.630251	182	278	0.999003	0.999132	0.998896	0.004	19.105789	25.727989	32.350189	6.164997	2.330233	0.932802	102.034014
1952	177	mode:3	3	0	0.999003	1	3	0.938691	0.999133	58	88.664481	318	58	108.630251	182	278	0.999003	0.999132	0.998896	0.017	20.53879	27.39699	34.255192	6.451884	2.227507	0.912594	99.823507
1952	178	mode:3	3	0	0.999003	1	3	0.952313	0.999133	58	88.664481	318	58	108.630251	182	278	0.999003	0.999132	0.998896	0.349	21.68079	28.398491	35.116192	6.543142	2.132037	0.896293	98.040469
1952	179	mode:3	3	0	0.999003	1	3	0.965935	0.999133	58	88.664481	318	58	108.630251	182	278	0.999003	0.999132	0.998896	0.101	22.921789	27.346991	31.77219	6.787094	2.056553	0.878415	96.084916
1952	180	mode:3	3	0	0.999003	1	3	0.979557	0.999133	58	88.664481	318	58	108.630251	182	278	0.999003	0.999132	0.998896	0	20.44079	25.37199	30.30319	6.813551	1.97533	0.860357	94.109586
1952	181	mode:3	3	0	0.999003	1	3	0.993179	0.999133	58	88.664481	318	58	108.630251	182	278	0.999003	0.999132	0.998896	0.003	20.38279	26.40049	32.41819	7.17446	1.894946	0.84306	92.21764
1952	182	mode:3	3	0	0.999003	1	3	1.006801	0.999133	58	88.664481	318	58	108.630251	182	278	0.999003	0.999132	0.998896	0.001	20.36879	27.42049	34.472191	7.310265	1.819522	0.826435	90.399118
1952	183	mode:3	3	0	0.999003	1	4	0.006769	0.999133	58	88.664481	318	58	108.630251	182	278	0.999003	0.999132	0.998896	0.003	19.874729	27.68997	35.505219	7.779741	1.748468	0.810478	88.653651
1952	184	mode:3	3	0	0.999003	1	4	0.013289	0.999133	58	88.664481	318	58	108.630251	182	278	0.999003	0.999132	0.998896	0.001	20.27573	27.91597	35.556221	7.387922	1.681599	0.795114	86.973052
1952	185	mode:3	3	0	0.999003	1	4	0.020173	0.999133	58	88.664481	318	58	108.630251	182	278	0.999003	0.999132	0.998896	0	19.59573	26.986971	34.37822	7.235374	1.618447	0.780318	85.354604
1952	186	mode:3	3	0	0.999003	1	4	0.027432	0.999133	58	88.664481	318	58	108.630251	182	278	0.999003	0.999132	0.998896	0	20.614731	26.00647	31.39822	7.035559	1.558774	0.766067	83.79583
1952	187	mode:3	3	0	0.999003	1	4	0.034357	0.999133	58	88.664481	318	58	108.630251	182	278	0.999003	0.999132	0.998896	0.001	19.55773	26.414471	33.271221	7.124937	1.50236	0.752342	82.29447
1952	188	mode:3	3	0	0.999003	1	4	0.040808	0.999133	58	88.664481	318	58	108.630251	182	278	0.999003	0.999132	0.998896	0.001	21.083731	27.12697	33.170219	6.962663	1.449007	0.739104	80.846463
1952	189	mode:3	3	0	0.999003	1	4	0.04663	0.999133	58	88.664481	318	58	108.630251	182	278	0.999003	0.999132	0.998896	0.001	21.471729	28.190969	34.910221	6.948254	1.398464	0.726328	79.449
1952	190	mode:3	3	0	0.999003	1	4	0.052631	0.999133	58	88.664481	318	58	108.630251	182	278	0.999003	0.999132	0.998896	0	21.53973	27.60997	33.680222	6.981198	1.350536	0.713982	78.098464
1952	191	mode:3	3	0	0.999003	1	4	0.058533	0.999133	58	88.664481	318	58	108.630251	182	278	0.999003	0.999132	0.998896	0.233	22.392731	27.64547	32.89822	6.266559	1.305011	0.704181	77.026453
1952	192	mode:3	3	0	0.999003	1	4	0.064502	0.999133	58	88.664481	318	58	108.630251	182	278	0.999003	0.999132	0.998896	0.035	21.28673	27.295971	33.305222	6.294491	1.269431	0.692896	75.792022
1952	193	mode:3	3	0	0.999003	1	4	0.070259	0.999133	58	88.664481	318	58	108.630251	182	278	0.999003	0.999132	0.998896	0.034	21.253731	27.55547	33.85722	6.667714	1.229069	0.681971	74.596954
1952	194	mode:3	3	0	0.999003	1	4	0.07584	0.999133	58	88.664481	318	58	108.630251	182	278	0.999003	0.999132	0.998896	2.129	22.909731	28.091471	33.27322	5.76514	1.190615	0.690549	75.535338
1952	195	mode:3	3	0	0.999003	1	4	0.081706	0.999133	58	88.664481	318	58	108.630251	182	278	0.999003	0.999132	0.998896	0.074	22.49873	27.281969	32.06522	5.897788	1.220758	0.680066	74.388581
1952	196	mode:3	3	0	0.999003	1	4	0.087734	0.999133	58	88.664481	318	58	108.630251	182	278	0.999003	0.999132	0.998896	0.179	22.90173	26.74147	30.581221	5.885176	1.183973	0.670878	73.383608
1952	197	mode:3	3	0	0.999003	1	4	0.094164	0.999133	58	88.664481	318	58	108.630251	182	278	0.999003	0.999132	0.998896	0.278	20.384729	25.66997	30.955219	5.807585	1.152198	0.662886	72.509409
1952	198	mode:3	3	0	0.999003	1	4	0.100114	0.999133	58	88.664481	318	58	108.630251	182	278	0.999003	0.999132	0.998896	0.066	21.215731	26.55797	31.900221	5.74599	1.12491	0.653206	71.450499
1952	199	mode:3	3	0	0.999003	1	4	0.105658	0.999133	58	88.664481	318	58	108.630251	182	278	0.999003	0.999132	0.998896	0.34	22.77273	27.35247	31.93222	5.692604	1.092294	0.646328	70.698204
1952	200	mode:3	3	0	0.999003	1	4	0.113423	0.999133	58	88.664481	318	58	108.630251	182	278	0.999003	0.999132	0.998896	13.018	20.65773	24.798969	28.94022	4.183004	1.069414	0.755563	82.64679
1952	201	mode:3	3	0	0.999003	1	4	0.120941	0.999133	58	88.664481	318	58	108.630251	182	278	0.999003	0.999132	0.998896	2.51	21.184731	25.48097	29.77722	4.968018	1.461441	0.765149	83.695349
1952	202	mode:3	3	0	0.999003	1	4	0.12787	0.999133	58	88.664481	318	58	108.630251	182	278	0.999003	0.999132	0.998896	0.001	20.089729	26.389971	32.69022	6.339101	1.498759	0.751456	82.19759
1952	203	mode:3	3	0	0.999003	1	4	0.1353	0.999133	58	88.664481	318	58	108.630251	182	278	0.999003	0.999132	0.998896	0.736	19.86573	25.256969	30.64822	5.437769	1.445597	0.744969	81.487993
1952	204	mode:3	3	0	0.999003	1	4	0.142652	0.999133	58	88.664481	318	58	108.630251	182	278	0.999003	0.999132	0.998896	3.129	20.85173	25.72047	30.58922	4.820592	1.420746	0.760586	83.196247
1952	205	mode:3	3	0	0.999003	1	4	0.149937	0.999133	58	88.664481	318	58	108.630251	182	278	0.999003	0.999132	0.998896	3.952	20.56473	26.268471	31.972219	5.227757	1.480937	0.783177	85.667309
1952	206	mode:3	3	0	0.999003	1	4	0.15703	0.999133	58	88.664481	318	58	108.630251	182	278	0.999003	0.999132	0.998896	0.381	20.243731	26.44297	32.64222	5.672774	1.570216	0.772305	84.478093
1952	207	mode:3	3	0	0.999003	1	4	0.164568	0.999133	58	88.664481	318	58	108.630251	182	278	0.999003	0.999132	0.998896	2.856	21.929729	25.80797	29.68622	5.1557	1.526924	0.784455	85.807169
1952	208	mode:3	3	0	0.999003	1	4	0.171978	0.999133	58	88.664481	318	58	108.630251	182	278	0.999003	0.999132	0.998896	0.009	20.57473	25.78647	30.99822	5.843501	1.575347	0.770136	84.240822
1952	209	mode:3	3	0	0.999003	1	4	0.179895	0.999133	58	88.664481	318	58	108.630251	182	278	0.999003	0.999132	0.998896	7.162	21.60873	25.768471	29.928221	5.017299	1.518359	0.82173	89.884463
1952	210	mode:3	3	0	0.999003	1	4	0.191374	0.999133	58	88.664481	318	58	108.630251	182	278	0.999003	0.999132	0.998896	27.216999	20.555731	22.97197	25.38822	3.258322	1.728616	1	115.372847
1952	211	mode:3	3	0	0.999003	1	4	0.203092	0.999133	58	88.664481	318	58	108.630251	182	278	0.999003	0.999132	0.998896	4.416	19.211729	22.60697	26.00222	3.828455	2.847977	1	116.94087
1952	212	mode:3	3	0	0.999003	1	4	0.215203	0.999133	58	88.664481	318	58	108.630251	182	278	0.999003	0.999132	0.998896	0.123	16.989731	22.000469	27.011221	4.480921	2.925916	1	114.137954
1952	213	mode:3	3	0	0.999003	1	4	0.226512	0.999133	58	88.664481	318	58	108.630251	182	278	0.999003	0.999132	0.998896	1.392	18.197729	23.23247	28.26722	4.566042	2.787336	1	112.742618
1952	214	mode:3	3	0	0.999003	1	4	0.236957	0.999133	58	88.664481	318	58	108.630251	182	278	0.999003	0.999132	0.998896	2.325	20.417709	24.54598	28.67424	4.655327	2.719602	1	112.348016
1952	215	mode:3	3	0	0.999003	1	4	0.246653	0.999133	58	88.664481	318	58	108.630251	182	278	0.999003	0.999132	0.998896	1.17	20.87771	25.67448	30.471239	4.990985	2.700598	1	110.817417
1952	216	mode:3	3	0	0.999003	1	4	0.257054	0.999133	58	88.664481	318	58	108.630251	182	278	0.999003	0.999132	0.998896	4.005	20.265711	24.61248	28.95924	4.266339	2.627515	1	112.194902
1952	217	mode:3	3	0	0.999003	1	4	0.266756	0.999133	58	88.664481	318	58	108.630251	182	278	0.999003	0.999132	0.998896	0.08	20.366711	25.66748	30.968241	5.288086	2.693242	1	109.58166
1952	218	mode:3	3	0	0.999003	1	4	0.276268	0.999133	58	88.664481	318	58	108.630251	182	278	0.999003	0.999132	0.998896	0.001	19.55171	25.635481	31.71924	5.953191	2.569242	0.978324	107.013418
1952	219	mode:3	3	0	0.999003	1	4	0.285734	0.999133	58	88.664481	318	58	108.630251	182	278	0.999003	0.999132	0.998896	0.156	19.73871	25.385981	31.033239	5.416578	2.450223	0.95735	104.719195
1952	220	mode:3	3	0	0.999003	1	4	0.295608	0.999133	58	88.664481	318	58	108.630251	182	278	0.999003	0.999132	0.998896	1.798	21.588711	24.66148	27.73424	3.987732	2.34629	0.952338	104.170905
1952	221	mode:3	3	0	0.999003	1	4	0.305315	0.999133	58	88.664481	318	58	108.630251	182	278	0.999003	0.999132	0.998896	0.222	19.62071	24.60948	29.59824	4.346117	2.321785	0.933141	102.071119
1952	222	mode:3	3	0	0.999003	1	4	0.313192	0.999133	58	88.664481	318	58	108.630251	182	278	0.999003	0.999132	0.998896	0	21.393709	27.274981	33.156239	6.406845	2.229128	0.912763	99.841992
1952	223	mode:3	3	0	0.999003	1	4	0.32188	0.999133	58	88.664481	318	58	108.630251	182	278	0.999003	0.999132	0.998896	0.084	21.64271	25.642481	29.642241	4.929512	2.132827	0.894032	97.793164
1952	224	mode:3	3	0	0.999003	1	4	0.330571	0.999133	58	88.664481	318	58	108.630251	182	278	0.999003	0.999132	0.998896	0.001	19.00971	25.32548	31.641239	5.910827	2.046191	0.875335	95.747973
1952	225	mode:3	3	0	0.999003	1	4	0.338371	0.999133	58	88.664481	318	58	108.630251	182	278	0.999003	0.999132	0.998896	0.003	20.48171	26.57498	32.66824	6.015113	1.9615	0.85743	93.789473
1952	226	mode:3	3	0	0.999003	1	4	0.345912	0.999133	58	88.664481	318	58	108.630251	182	278	0.999003	0.999132	0.998896	0	19.53471	26.75898	33.983238	6.149206	1.882077	0.840224	91.907396
1952	227	mode:3	3	0	0.999003	1	4	0.353152	0.999133	58	88.664481	318	58	108.630251	182	278	0.999003	0.999132	0.998896	0.003	20.949711	27.034981	33.120239	6.351569	1.807299	0.823729	90.103097
1952	228	mode:3	3	0	0.999003	1	4	0.360394	0.999133	58	88.664481	318	58	108.630251	182	278	0.999003	0.999132	0.998896	0.012	20.959709	26.77648	32.593239	5.493072	1.737035	0.807959	88.378061
1952	229	mode:3	3	0	0.999003	1	4	0.368079	0.999133	58	88.664481	318	58	108.630251	182	278	0.999003	0.999132	0.998896	0.94	21.80571	25.833481	29.86124	4.82053	1.67116	0.801274	87.646901
1952	230	mode:3	3	0	0.999003	1	4	0.378773	0.999133	58	88.664481	318	58	108.630251	182	278	0.999003	0.999132	0.998896	16.348	21.09771	23.04948	25.00124	3.363704	1.643623	0.935703	102.351277
1952	231	mode:3	3	0	0.999003	1	4	0.387675	0.999133	58	88.664481	318	58	108.630251	182	278	0.999003	0.999132	0.998896	1.515	20.87071	25.846979	30.82324	4.929696	2.241381	0.929062	101.624896
1952	232	mode:3	3	0	0.999003	1	4	0.399214	0.999133	58	88.664481	318	58	108.630251	182	278	0.999003	0.999132	0.998896	4.915	19.84671	22.02198	24.197241	3.132443	2.20968	0.953794	104.330216
1952	233	mode:3	3	0	0.999003	1	4	0.413409	0.999133	58	88.664481	318	58	108.630251	182	278	0.999003	0.999132	0.998896	8.252	16.40871	18.73498	21.061239	1.724913	1.724913	1	110.857303
1952	234	mode:3	3	0	0.999003	1	4	0.42709	0.999133	58	88.664481	318	58	108.630251	182	278	0.999003	0.999132	0.998896	5.76	14.62371	19.55298	24.482241	3.19391	2.629407	1	113.987896
1952	235	mode:3	3	0	0.999003	1	4	0.440284	0.999133	58	88.664481	318	58	108.630251	182	278	0.999003	0.999132	0.998896	0.191	14.43171	20.318979	26.20624	4.714249	2.780012	1	111.398885
1952	236	mode:3	3	0	0.999003	1	4	0.453734	0.999133	58	88.664481	318	58	108.630251	182	278	0.999003	0.999132	0.998896	0.721	15.74171	19.915979	24.09024	3.528566	2.655161	1	109.464723
1952	237	mode:3	3	0	0.999003	1	4	0.466361	0.999133	58	88.664481	318	58	108.630251	182	278	0.999003	0.999132	0.998896	0.603	13.85471	20.860479	27.86624	4.329213	2.563761	0.982809	107.503962
1952	238	mode:3	3	0	0.999003	1	4	0.477143	0.999133	58	88.664481	318	58	108.630251	182	278	0.999003	0.999132	0.998896	0.666	18.005711	23.461479	28.91724	4.333647	2.472738	0.966292	105.697224
1952	239	mode:3	3	0	0.999003	1	4	0.487253	0.999133	58	88.664481	318	58	108.630251	182	278	0.999003	0.999132	0.998896	0.237	19.573709	24.18848	28.80324	3.904392	2.390322	0.946606	103.543903
1952	240	mode:3	3	0	0.999003	1	4	0.497289	0.999133	58	88.664481	318	58	108.630251	182	278	0.999003	0.999132	0.998896	0.081	19.299709	23.95598	28.61224	4.266596	2.29392	0.926375	101.330983
1952	241	mode:3	3	0	0.999003	1	4	0.506897	0.999133	58	88.664481	318	58	108.630251	182	278	0.999003	0.999132	0.998896	0.016	17.60671	24.31148	31.016239	4.813141	2.196917	0.906437	99.150065
1952	242	mode:3	3	0	0.999003	1	4	0.516791	0.999133	58	88.664481	318	58	108.630251	182	278	0.999003	0.999132	0.998896	0.957	19.48971	23.63798	27.78624	3.119464	2.103368	0.895957	98.003698
1952	243	mode:3	3	0	0.999003	1	4	0.525661	0.999133	58	88.664481	318	58	108.630251	182	278	0.999003	0.999132	0.998896	0	20.03871	25.048479	30.058241	5.546053	2.055011	0.87717	95.948687
1952	244	mode:3	3	0	0.999003	1	4	0.534573	0.999133	58	88.664481	318	58	108.630251	182	278	0.999003	0.999132	0.998896	0.428	20.921709	24.725479	28.52924	3.817469	1.969733	0.863075	94.406954
1952	245	mode:3	3	0	0.999003	1	4	0.543973	0.999133	58	88.664481	318	58	108.630251	182	278	0.999003	0.999132	0.998896	0.219	17.75193	23.56673	29.381531	4.368708	1.906941	0.847644	92.719014
1952	246	mode:3	3	0	0.999003	1	4	0.552017	0.999133	58	88.664481	318	58	108.630251	182	278	0.999003	0.999132	0.998896	0.028	20.91993	25.701229	30.482531	4.459882	1.83936	0.831084	90.907654
1952	247	mode:3	3	0	0.999003	1	4	0.561189	0.999133	58	88.664481	318	58	108.630251	182	278	0.999003	0.999132	0.998896	1.212	18.344931	23.54323	28.741529	3.967558	1.768195	0.825999	90.351459
1952	248	mode:3	3	0	0.999003	1	4	0.570725	0.999133	58	88.664481	318	58	108.630251	182	278	0.999003	0.999132	0.998896	1.114	18.455931	22.74823	27.040529	3.59287	1.746624	0.820216	89.718834
1952	249	mode:3	3	0	0.999003	1	4	0.580179	0.999133	58	88.664481	318	58	108.630251	182	278	0.999003	0.999132	0.998896	3.118	19.309931	23.169729	27.02953	3.973348	1.722251	0.832976	91.114583
1952	250	mode:3	3	0	0.999003	1	4	0.592664	0.999133	58	88.664481	318	58	108.630251	182	278	0.999003	0.999132	0.998896	4.516	16.33493	18.163231	19.991529	2.364205	1.776254	0.858023	93.85433
1952	251	mode:3	3	0	0.999003	1	4	0.60451	0.999133	58	88.664481	318	58	108.630251	182	278	0.999003	0.999132	0.998896	0.278	15.69193	18.972231	22.252529	3.010643	1.884681	0.843335	92.247649
1952	252	mode:3	3	0	0.999003	1	4	0.617587	0.999133	58	88.664481	318	58	108.630251	182	278	0.999003	0.999132	0.998896	3.044	15.48993	16.94223	18.394529	1.799382	1.799382	0.854713	93.492267
1952	253	mode:3	3	0	0.999003	1	4	0.630272	0.999133	58	88.664481	318	58	108.630251	182	278	0.999003	0.999132	0.998896	0.689	14.88793	17.38423	19.880529	2.441663	1.870168	0.843915	92.311099
1952	254	mode:3	3	0	0.999003	1	4	0.641842	0.999133	58	88.664481	318	58	108.630251	182	278	0.999003	0.999132	0.998896	1.939	15.55493	19.53323	23.51153	2.519179	1.823211	0.844973	92.426888
1952	255	mode:3	3	0	0.999003	1	4	0.654149	0.999133	58	88.664481	318	58	108.630251	182	278	0.999003	0.999132	0.998896	3.477	16.00493	18.552731	21.100531	2.952434	1.827788	0.86005	94.0761
1952	256	mode:3	3	0	0.999003	1	4	0.667791	0.999133	58	88.664481	318	58	108.630251	182	278	0.999003	0.999132	0.998896	6.639	14.50793	17.271231	20.034531	2.378554	1.893598	0.903433	98.821502
1952	257	mode:3	3	0	0.999003	1	4	0.683436	0.999133	58	88.664481	318	58	108.630251	182	278	0.999003	0.999132	0.998896	32.223	14.13693	16.371229	18.60553	2.182039	2.08945	1	128.955051
1952	258	mode:3	3	0.008282	0.999003	1	4	0.697973	0.999133	58	88.664481	318	58	108.630251	182	278	0.999003	0.999132	0.998896	0.024	12.66293	18.18623	23.70953	3.867641	3.558	1	125.421051
1952	259	mode:3	3	0.019406	0.999003	1	4	0.713078	0.999133	58	88.664481	318	58	108.630251	182	278	0.999003	0.999132	0.998896	1.613	12.34393	17.26223	22.180531	2.782229	2.782229	1	124.251822
1952	260	mode:3	3	0.030193	0.999003	1	4	0.728121	0.999133	58	88.664481	318	58	108.630251	182	278	0.999003	0.999132	0.998896	1.463	13.78093	17.365231	20.94953	2.414244	2.414244	1	123.300578
1952	261	mode:3	3	0.037492	0.999003	1	4	0.742436	0.999133	58	88.664481	318	58	108.630251	182	278	0.999003	0.999132	0.998896	0.381	13.53093	18.542231	23.55353	2.749853	2.749853	1	120.931726
1952	262	mode:3	3	0.045053	0.999003	1	4	0.756812	0.999133	58	88.664481	318	58	108.630251	182	278	0.999003	0.999132	0.998896	3.694	14.74893	18.44523	22.141529	2.294637	2.294637	1	122.331088
1952	263	mode:3	3	0.053755	0.999003	1	4	0.771439	0.999133	58	88.664481	318	58	108.630251	182	278	0.999003	0.999132	0.998896	8.451	15.49693	18.04073	20.58453	2.40373	2.40373	1	128.378358
1952	264	mode:3	3	0.072097	0.999003	1	4	0.787691	0.999133	58	88.664481	318	58	108.630251	182	278	0.999003	0.999132	0.998896	1.522	12.77593	15.34823	17.92053	2.091741	2.091741	1	127.808617
1952	265	mode:3	3	0.086003	0.999003	1	4	0.803567	0.999133	58	88.664481	318	58	108.630251	182	278	0.999003	0.999132	0.998896	0.806	12.96293	16.46673	19.97053	2.36225	2.36225	1	126.252367
1952	266	mode:3	3	0.095915	0.999003	1	4	0.818716	0.999133	58	88.664481	318	58	108.630251	182	278	0.999003	0.999132	0.998896	1.109	13.64993	17.63973	21.62953	2.502921	2.502921	1	124.858446
1952	267	mode:3	3	0.104199	0.999003	1	4	0.833522	0.999133	58	88.664481	318	58	108.630251	182	278	0.999003	0.999132	0.998896	0.036	12.83493	18.18573	23.53653	2.766518	2.766518	1	122.127928
1952	268	mode:3	3	0.108551	0.999003	1	4	0.847306	0.999133	58	88.664481	318	58	108.630251	182	278	0.999003	0.999132	0.998896	0.016	14.79793	19.78573	24.773529	3.351466	3.191238	1	118.95269
1952	269	mode:3	3	0.114632	0.999003	1	4	0.861583	0.999133	58	88.664481	318	58	108.630251	182	278	0.999003	0.999132	0.998896	0.118	13.83093	19.01823	24.20553	3.128502	3.027455	1	116.043235
1952	270	mode:3	3	0.128312	0.999003	1	4	0.877421	0.999133	58	88.664481	318	58	108.630251	182	278	0.999003	0.999132	0.998896	3.557	15.13093	16.528231	17.925529	1.439669	1.439669	1	118.160567
1952	271	mode:3	3	0.140639	0.999003	1	4	0.893026	0.999133	58	88.664481	318	58	108.630251	182	278	0.999003	0.999132	0.998896	5.824	13.63593	16.90723	20.17853	2.086147	2.086147	1	121.89842
1952	272	mode:3	3	0.155533	0.999003	1	4	0.909063	0.999133	58	88.664481	318	58	108.630251	182	278	0.999003	0.999132	0.998896	18.193001	13.09693	16.20373	19.31053	1.297846	1.297846	1	138.793575
1952	273	mode:3	3	0.169578	0.999003	1	4	0.924962	0.999133	58	88.664481	318	58	108.630251	182	278	0.999003	0.999132	0.998896	6.214	13.22493	16.42923	19.63353	2.269753	2.269753	1	142.737822
1952	274	mode:3	3	0.179498	0.999003	1	4	0.940113	0.999133	58	88.664481	318	58	108.630251	182	278	0.999003	0.999132	0.998896	0.632	14.86793	17.63723	20.40653	2.964019	2.964019	1	140.405803
1952	275	mode:3	3	0.203681	0.999003	1	4	0.957416	0.999133	58	88.664481	318	58	108.630251	182	278	0.999003	0.999132	0.998896	12.722	10.62534	14.06566	17.50598	1.695664	1.695664	1	151.432139
1952	276	mode:3	3	0.232895	0.999003	1	4	0.975273	0.999133	58	88.664481	318	58	108.630251	182	278	0.999003	0.999132	0.998896	0.366	8.204336	13.08116	17.957979	2.076141	2.076141	1	149.721998
1952	277	mode:3	3	0.250207	0.999003	1	4	0.991678	0.999133	58	88.664481	318	58	108.630251	182	278	0.999003	0.999132	0.998896	0.01	10.98234	15.59466	20.20698	2.243077	2.243077	1	147.488921
1952	278	mode:3	3	0.261376	0.999003	1	4	1.007071	0.999133	58	88.664481	318	58	108.630251	182	278	0.999003	0.999132	0.998896	0.005	12.84034	17.248659	21.656981	2.418478	2.418478	1	145.075443
1952	279	mode:3	3	0.268044	0.999003	1	4	1.021498	0.999133	58	88.664481	318	58	108.630251	182	278	0.999003	0.999132	0.998896	0.018	13.52434	18.783159	24.041981	2.599492	2.599492	1	142.493951
1952	280	mode:3	3	0.27192	0.999003	1	4	1.035128	0.999133	58	88.664481	318	58	108.630251	182	278	0.999003	0.999132	0.998896	0.001	14.52634	20.023161	25.519979	2.683308	2.683308	1	139.811643
1952	281	mode:3	3	0.276727	0.999003	1	4	1.049051	0.999133	58	88.664481	318	58	108.630251	182	278	0.999003	0.999132	0.998896	0.121	15.45234	19.57066	23.68898	2.142775	2.142775	1	137.789868
1952	282	mode:3	3	0.28117	0.999003	1	4	1.062863	0.999133	58	88.664481	318	58	108.630251	182	278	0.999003	0.999132	0.998896	1.29	16.77634	19.742161	22.707979	2.05829	2.05829	1	137.021578
1952	283	mode:3	3	0.290992	0.999003	1	4	1.077994	0.999133	58	88.664481	318	58	108.630251	182	278	0.999003	0.999132	0.998896	1.819	15.49834	17.668659	19.83898	1.886394	1.886394	1	136.954184
1952	284	mode:3	3	0.29932	0.999003	1	4	1.09281	0.999133	58	88.664481	318	58	108.630251	182	278	0.999003	0.999132	0.998896	3.651	14.73034	18.17016	21.60998	1.946543	1.946543	1	138.658641
1952	285	mode:3	3	0.318416	0.999003	1	4	1.109467	0.999132	58	88.664481	318	58	108.630251	182	278	0.999003	0.999132	0.998896	13.043	13.88834	15.17216	16.45598	1.019643	1.019643	1	150.681998
1952	286	mode:3	3	0.330784	0.999003	1	4	1.125079	0.999132	58	88.664481	318	58	108.630251	182	278	0.999003	0.999132	0.998896	1.098	14.04834	16.89566	19.742979	1.613501	1.613501	1	150.166497
1952	287	mode:3	3	0.33382	0.999003	1	4	1.138412	0.999132	58	88.664481	318	58	108.630251	182	278	0.999003	0.999132	0.998896	0.408	15.98134	20.48016	24.978979	2.879135	2.879135	1	147.695362
1952	288	mode:3	3	0.349718	0.999003	1	4	1.154606	0.999132	58	88.664481	318	58	108.630251	182	278	0.999003	0.999132	0.998896	1.737	12.79434	15.94516	19.09598	1.776878	1.776878	1	147.655484
1952	289	mode:3	3	0.367496	0.999003	1	4	1.171077	0.999132	58	88.664481	318	58	108.630251	182	278	0.999003	0.999132	0.998896	0.444	12.02834	15.48216	18.93598	1.890991	1.890991	1	146.208493
1952	290	mode:3	3	0.377933	0.999003	1	4	1.186331	0.999132	58	88.664481	318	58	108.630251	182	278	0.999003	0.999132	0.998896	0.001	12.29634	17.47366	22.65098	2.481403	2.481403	1	143.72809
1952	291	mode:3	3	0.389677	0.999003	1	4	1.201831	0.999132	58	88.664481	318	58	108.630251	182	278	0.999003	0.999132	0.998896	0.001	11.91034	17.07716	22.24398	2.187146	2.187146	1	141.541943
1952	292	mode:3	3	0.401683	0.999003	1	4	1.217378	0.999132	58	88.664481	318	58	108.630251	182	278	0.999003	0.999132	0.998896	0.226	12.49334	17.00016	21.506981	1.925375	1.925375	1	139.842568
1952	293	mode:3	3	0.409335	0.999003	1	4	1.232042	0.999132	58	88.664481	318	58	108.630251	182	278	0.999003	0.999132	0.998896	6.967	15.46534	18.411659	21.357981	1.68097	1.68097	1	145.128598
1952	294	mode:3	3	0.41613	0.999003	1	0	0	0	58	88.664481	318	58	108.630251	182	278	0.999003	0.999132	0.998896	35.948002	16.998341	18.734159	20.46998	1.303486	1.303486	1	179.773114
1952	295	mode:3	3	0.424067	0.999003	1	0	0	0	58	88.664481	318	58	108.630251	182	278	0.999003	0.999132	0.998896	0.155	14.47034	18.308661	22.14698	2.157181	2.157181	1	177.770933
1952	296	mode:3	3	0.437164	0.999003	1	0	0	0	58	88.664481	318	58	108.630251	182	278	0.999003	0.999132	0.998896	9.978	13.63534	16.689159	19.742979	1.444904	1.444904	1	186.304029
1952	297	mode:3	3	0.447122	0.999003	1	0	0	0	58	88.664481	318	58	108.630251	182	278	0.999003	0.999132	0.998896	0.453	13.05934	17.62516	22.190981	1.929993	1.929993	1	184.827036
1952	298	mode:3	3	0.453621	0.999003	1	0	0	0	58	88.664481	318	58	108.630251	182	278	0.999003	0.999132	0.998896	0	13.31434	18.850161	24.385981	2.422187	2.422187	1	182.404849
1952	299	mode:3	3	0.461875	0.999003	1	0	0	0	58	88.664481	318	58	108.630251	182	278	0.999003	0.999132	0.998896	0.421	13.06734	18.196159	23.32498	1.863163	1.863163	1	180.962686
1952	300	mode:3	3	0.470249	0.999003	1	0	0	0	58	88.664481	318	58	108.630251	182	278	0.999003	0.999132	0.998896	2.499	15.33334	18.15416	20.974979	1.648206	1.648206	1	181.813481
1952	301	mode:3	3	0.480147	0.999003	1	0	0	0	58	88.664481	318	58	108.630251	182	278	0.999003	0.999132	0.998896	0.003	14.19134	17.644159	21.096979	1.629162	1.629162	1	180.187318
1952	302	mode:3	3	0.490327	0.999003	1	0	0	0	58	88.664481	318	58	108.630251	182	278	0.999003	0.999132	0.998896	0.032	14.04534	17.554661	21.06398	1.944292	1.944292	1	178.275026
1952	303	mode:3	3	0.499661	0.999003	1	0	0	0	58	88.664481	318	58	108.630251	182	278	0.999003	0.999132	0.998896	0.244	14.08234	17.828159	21.57398	1.732387	1.732387	1	176.786639
1952	304	mode:3	3	0.523722	0.999003	1	0	0	0	58	88.664481	318	58	108.630251	182	278	0.999003	0.999132	0.998896	7.385	11.57534	14.09066	16.60598	1.127734	1.127734	1	183.043906
1952	305	mode:3	3	0.546865	0.999003	1	0	0	0	58	88.664481	318	58	108.630251	182	278	0.999003	0.999132	0.998896	0.131	9.231336	14.28166	19.33198	1.636336	1.636336	1	181.538569
1952	306	mode:3	3	0.570644	0.999003	1	0	0	0	58	88.664481	318	58	108.630251	182	278	0.999003	0.999132	0.998896	0.049	9.768654	14.14893	18.5292	1.821624	1.821624	1	179.765945
1952	307	mode:3	3	0.590912	0.999003	1	0	0	0	58	88.664481	318	58	108.630251	182	278	0.999003	0.999132	0.998896	0.004	9.651654	14.90543	20.159201	1.530162	1.530162	1	178.239783
1952	308	mode:3	3	0.61546	0.999003	1	0	0	0	58	88.664481	318	58	108.630251	182	278	0.999003	0.999132	0.998896	0.058	9.146654	13.99093	18.835199	1.475918	1.475918	1	176.821865
1952	309	mode:3	3	0.646157	0.999002	1	0	0	0	58	88.664481	318	58	108.630251	182	278	0.999003	0.999132	0.998896	0.056	8.386654	12.80743	17.228201	1.569155	1.569155	1	175.30871
1952	310	mode:3	3	0.679623	0.999002	1	0	0	0	58	88.664481	318	58	108.630251	182	278	0.999003	0.999132	0.998896	0.22	7.240654	12.31343	17.3862	1.654524	1.654524	1	173.874186
1952	311	mode:3	3	0.706377	0.999002	1	0	0	0	58	88.664481	318	58	108.630251	182	278	0.999003	0.999132	0.998896	0.529	8.912654	13.55093	18.189199	1.283839	1.283839	1	173.119348
1952	312	mode:3	3	0.738156	0.999002	1	0	0	0	58	88.664481	318	58	108.630251	182	278	0.999003	0.999132	0.998896	2.513	8.168654	12.61193	17.055201	1.333765	1.333765	1	174.298583
1952	313	mode:3	3	0.796352	0.999	1	0	0	0	58	88.664481	318	58	108.630251	182	278	0.999003	0.999132	0.998896	6.317	5.569654	8.588927	11.6082	1.205883	1.205883	1	179.409699
1952	314	mode:3	3	0.863595	0.998901	1	0	0	0	58	88.664481	318	58	108.630251	182	278	0.999003	0.999132	0.998896	0.001	1.826654	7.434427	13.0422	1.516305	1.516305	1	177.894394
1952	315	mode:3	3	0.915175	0.998859	1	0	0	0	58	88.664481	318	58	108.630251	182	278	0.999003	0.999132	0.998896	0.001	2.647654	9.491427	16.335199	1.36878	1.36878	1	176.526613
1952	316	mode:3	3	0.953221	0.998855	1	0	0	0	58	88.664481	318	58	108.630251	182	278	0.999003	0.999132	0.998896	0.013	4.751654	11.53943	18.3272	1.272342	1.272342	1	175.267271
1952	317	mode:3	3	0.993992	0.998855	0.840514	0	0	0	58	88.664481	318	58	108.630251	182	278	0.999003	0.999132	0.998896	2.596	8.817654	11.10093	13.3842	1.167599	1.167599	1	176.695671
1952	318	mode:3	3	1.052696	0.998854	0	0	0	0	58	88.664481	318	58	108.630251	182	278	0.999003	0.999132	0.998896	3.794	6.628654	8.521927	10.4152	1.01193	1.01193	1	179.477742
1952	319	mode:3	3	1.113721	0.998852	0	0	0	0	58	88.664481	318	58	108.630251	182	278	0.999003	0.999132	0.998896	2.932	5.818654	8.218927	10.6192	1.011012	1.011012	1	181.398729
1952	320	mode:3	3	1.183952	0.998842	0	0	0	0	58	88.664481	318	58	108.630251	182	278	0.999003	0.999132	0.998896	7.244	4.008654	7.070427	10.1322	0.826393	0.826393	1	187.816336
1952	321	mode:3	3	1.253755	0.998797	0	0	0	0	58	88.664481	318	58	108.630251	182	278	0.999003	0.999132	0.998896	0.645	2.581654	7.121927	11.6622	1.043779	1.043779	1	187.417557
1952	322	mode:3	3	1.32158	0.998794	0	0	0	0	58	88.664481	318	58	108.630251	182	278	0.999003	0.999132	0.998896	3.422	4.977654	7.362927	9.7482	0.808237	0.808237	1	190.031319
1952	323	mode:3	3	1.404019	0.998788	0	0	0	0	58	88.664481	318	58	108.630251	182	278	0.999003	0.999132	0.998896	11.825	4.619654	5.657927	6.6962	0.664808	0.664808	1	201.191511
1952	324	mode:3	3	1.490037	0.998665	0	0	0	0	58	88.664481	318	58	108.630251	182	278	0.999003	0.999132	0.998896	1.565	1.612654	5.263927	8.9152	0.704684	0.704684	1	202.051827
1952	325	mode:3	3	1.568116	0.998384	0	0	0	0	58	88.664481	318	58	108.630251	182	278	0.999003	0.999132	0.998896	0.042	0.824654	6.149427	11.4742	1.512861	1.512861	1	200.580967
1952	326	mode:3	3	1.642869	0.998183	0	0	0	0	58	88.664481	318	58	108.630251	182	278	0.999003	0.999132	0.998896	0.011	1.148654	6.533927	11.9192	1.465267	1.465267	1	199.1267
1952	327	mode:3	3	1.707356	0.998062	0	0	0	0	58	88.664481	318	58	108.630251	182	278	0.999003	0.999132	0.998896	0.02	1.635654	7.777427	13.9192	1.035689	1.035689	1	198.111011
1952	328	mode:3	3	1.754939	0.998062	0	0	0	0	58	88.664481	318	58	108.630251	182	278	0.999003	0.999132	0.998896	0.057	6.308654	10.06493	13.8212	0.989739	0.989739	1	197.178272
1952	329	mode:3	3	1.798124	0.998056	0	0	0	0	58	88.664481	318	58	108.630251	182	278	0.999003	0.999132	0.998896	0	4.658654	10.72443	16.790199	1.120665	1.120665	1	196.057608
1952	330	mode:3	3	1.834989	0.998055	0	0	0	0	58	88.664481	318	58	108.630251	182	278	0.999003	0.999132	0.998896	0.208	6.100654	11.73443	17.3682	1.297444	1.297444	1	194.968164
1952	331	mode:3	3	1.848558	0.998055	0	0	0	0	58	88.664481	318	58	108.630251	182	278	0.999003	0.999132	0.998896	0.157	13.23465	16.55843	19.8822	1.776032	1.776032	1	193.349132
1952	332	mode:3	3	1.867345	0.998055	0	0	0	0	58	88.664481	318	58	108.630251	182	278	0.999003	0.999132	0.998896	0.001	11.49865	15.24393	18.989201	2.028013	2.028013	1	191.322119
1952	333	mode:3	3	1.897596	0.998055	0	0	0	0	58	88.664481	318	58	108.630251	182	278	0.999003	0.999132	0.998896	0	8.113654	12.88893	17.6642	1.100943	1.100943	1	190.221176
1952	334	mode:3	3	1.934077	0.998054	0	0	0	0	58	88.664481	318	58	108.630251	182	278	0.999003	0.999132	0.998896	0.014	6.361654	11.79843	17.235201	1.190108	1.190108	1	189.045068
1952	335	mode:3	3	1.953857	0.998054	0	0	0	0	58	88.664481	318	58	108.630251	182	278	0.999003	0.999132	0.998896	0.014	11.67565	15.01543	18.3552	1.315145	1.315145	1	187.743923
1952	336	mode:3	3	1.972681	0.998054	0	0	0	0	58	88.664481	318	58	108.630251	182	278	0.999003	0.999132	0.998896	0	9.96037	15.23542	20.510481	1.536426	1.536426	1	186.207497
1952	337	mode:3	3	2.000521	0.998054	0	0	0	0	58	88.664481	318	58	108.630251	182	278	0.999003	0.999132	0.998896	0.002	8.71637	13.34092	17.965481	1.02309	1.02309	1	185.186407
1952	338	mode:3	3	2.038268	0.998054	0	0	0	0	58	88.664481	318	58	108.630251	182	278	0.999003	0.999132	0.998896	7.151	7.91537	11.58842	15.26148	0.983686	0.983686	1	191.353721
1952	339	mode:3	3	2.110618	0.998049	0	0	0	0	58	88.664481	318	58	108.630251	182	278	0.999003	0.999132	0.998896	0.01	4.64037	6.816924	8.993478	2.692482	2.692482	1	188.671239
1952	340	mode:3	3	2.188466	0.997947	0	0	0	0	58	88.664481	318	58	108.630251	182	278	0.999003	0.999132	0.998896	0.001	1.79437	6.175924	10.55748	1.442286	1.442286	1	187.229953
1952	341	mode:3	3	2.278506	0.997333	0	0	0	0	58	88.664481	318	58	108.630251	182	278	0.999003	0.999132	0.998896	0	0.07737	4.830924	9.584478	0.703617	0.703617	1	186.526336
1952	342	mode:3	3	2.368551	0.99664	0	0	0	0	58	88.664481	318	58	108.630251	182	278	0.999003	0.999132	0.998896	0.286	-0.03763	4.830424	9.698478	0.814715	0.814715	1	185.997621
1952	343	mode:3	3	2.439401	0.996587	0	0	0	0	58	88.664481	318	58	108.630251	182	278	0.999003	0.999132	0.998896	0.004	2.42237	6.995924	11.56948	0.942044	0.942044	1	185.059577
1952	344	mode:3	3	2.518454	0.99645	0	0	0	0	58	88.664481	318	58	108.630251	182	278	0.999003	0.999132	0.998896	0.001	1.51337	6.038424	10.56348	0.704055	0.704055	1	184.356522
1952	345	mode:3	3	2.598683	0.996091	0	0	0	0	58	88.664481	318	58	108.630251	182	278	0.999003	0.999132	0.998896	0.003	0.59037	5.905424	11.22048	0.781241	0.781241	1	183.578281
1952	346	mode:3	3	2.6764	0.995839	0	0	0	0	58	88.664481	318	58	108.630251	182	278	0.999003	0.999132	0.998896	0.472	0.929371	6.190924	11.45248	0.783565	0.783565	1	183.266716
1952	347	mode:3	3	2.741737	0.995701	0	0	0	0	58	88.664481	318	58	108.630251	182	278	0.999003	0.999132	0.998896	0.043	1.50737	7.670924	13.83448	1.084906	1.084906	1	182.22481
1952	348	mode:3	3	2.783458	0.995701	0	0	0	0	58	88.664481	318	58	108.630251	182	278	0.999003	0.999132	0.998896	0.89	8.69437	10.95142	13.20848	1.248093	1.248093	1	181.866717
1952	349	mode:3	3	2.83937	0.995694	0	0	0	0	58	88.664481	318	58	108.630251	182	278	0.999003	0.999132	0.998896	3.406	4.39837	8.894424	13.39048	1.066773	1.066773	1	184.205944
1952	350	mode:3	3	2.921648	0.995449	0	0	0	0	58	88.664481	318	58	108.630251	182	278	0.999003	0.999132	0.998896	0.331	0.95437	5.675924	10.39748	1.074015	1.074015	1	183.462929
1952	351	mode:3	3	3.002761	0.994555	0	0	0	0	58	88.664481	318	58	108.630251	182	278	0.999003	0.999132	0.998896	0.025	-0.282629	5.805924	11.89448	0.966137	0.966137	1	182.521792
1952	352	mode:3	3	3.07101	0.994494	0	0	0	0	58	88.664481	318	58	108.630251	182	278	0.999003	0.999132	0.998896	0.095	2.29437	7.310924	12.32748	1.130295	1.130295	1	181.486496
1952	353	mode:3	3	3.151102	0.994312	0	0	0	0	58	88.664481	318	58	108.630251	182	278	0.999003	0.999132	0.998896	0.845	1.23937	5.920924	10.60248	0.781568	0.781568	1	181.549929
1952	354	mode:3	3	3.231654	0.994003	0	0	0	0	58	88.664481	318	58	108.630251	182	278	0.999003	0.999132	0.998896	0.005	0.73737	5.868924	11.00048	0.849398	0.849398	1	180.705531
1952	355	mode:3	3	3.28484	0.993986	0	0	0	0	58	88.664481	318	58	108.630251	182	278	0.999003	0.999132	0.998896	0.001	3.47737	9.267424	15.05748	0.813423	0.813423	1	179.893108
1952	356	mode:3	3	3.343866	0.993917	0	0	0	0	58	88.664481	318	58	108.630251	182	278	0.999003	0.999132	0.998896	0.036	2.16637	8.479424	14.79248	0.923216	0.923216	1	179.005892
1952	357	mode:3	3	3.387732	0.993915	0	0	0	0	58	88.664481	318	58	108.630251	182	278	0.999003	0.999132	0.998896	0.001	5.67937	10.62042	15.56148	0.920484	0.920484	1	178.086409
1952	358	mode:3	3	3.430803	0.993912	0	0	0	0	58	88.664481	318	58	108.630251	182	278	0.999003	0.999132	0.998896	0.002	5.27537	10.74192	16.208481	0.820757	0.820757	1	177.267652
1952	359	mode:3	3	3.472631	0.993909	0	0	0	0	58	88.664481	318	58	108.630251	182	278	0.999003	0.999132	0.998896	0.002	5.19137	10.93492	16.67848	0.888386	0.888386	1	176.381266
1952	360	mode:3	3	3.524578	0.993908	0	0	0	0	58	88.664481	318	58	108.630251	182	278	0.999003	0.999132	0.998896	0.167	5.68837	9.439924	13.19148	0.816849	0.816849	1	175.731417
1952	361	mode:3	3	3.586464	0.993896	0	0	0	0	58	88.664481	318	58	108.630251	182	278	0.999003	0.999132	0.998896	0.008	3.85137	8.107924	12.36448	0.911587	0.911587	1	174.82783
1952	362	mode:3	3	3.661169	0.993828	0	0	0	0	58	88.664481	318	58	108.630251	182	278	0.999003	0.999132	0.998896	0.38	2.19137	6.539424	10.88748	0.740469	0.740469	1	174.467361
1952	363	mode:3	3	3.743913	0.993432	0	0	0	0	58	88.664481	318	58	108.630251	182	278	0.999003	0.999132	0.998896	0	0.497371	5.623924	10.75048	1.046652	1.046652	1	173.420709
1952	364	mode:3	3	3.823633	0.992884	0	0	0	0	58	88.664481	318	58	108.630251	182	278	0.999003	0.999132	0.998896	7.75	0.185371	5.962924	11.74048	0.895655	0.895655	1	180.275054
1952	365	mode:3	3	3.910701	0.991781	0	0	0	0	58	88.664481	318	58	108.630251	182	278	0.999003	0.999132	0.998896	0.235	-0.483629	5.149924	10.78348	0.668065	0.668065	1	179.841989
1952	366	mode:3	3	3.991926	0.99157	0	0	0	0	58	88.664481	318	58	108.630251	182	278	0.999003	0.999132	0.998896								
