# Phenofit 4 trace file Thu Nov 16 16:08:48 CET 2023

# FitSpecies 
#   name: Quercus_robur_Global
#   leafModel: UniChill_Unimodal(-122.0;2.68;-49.93;44.22;-0.17;22.72;169.87;4.74)
#   flowerModel: UniChill_Unimodal(-122.0;2.68;-49.93;44.22;-0.17;22.72;169.87;8.74)
#   fruitMaturationModel: Fructification2phases(-0.667;6.7;73.41;5.0;48.0;3.61;0.6;3.0)
#   senescenceModel: SenDelpierre(12.3;24.0;2.0;0.0;4081.0;12.0)
#   compoundBud: 2
#   leafHabit: 1
#   TDeath: -90.0
#   leafFrostModel: LeafFrostFunction(-7.0;10.0;-16.0;-10.0;-20.0;10.0;16.0)
#   flowerFrostModel: FlowerFrostFunction(-12.0;-50.0;-7.0;10.0;-16.0;-10.0;-20.0;10.0;16.0)
#   droughtModel: LimitPrecipitationRamp(258.0;486.0;1380.0;3465.0)
#   evapotranspirationModel: null
# locId.........: 6
# phenoBirthYear: 1951
# deciduous.....: true

# speciesFileName: /Applications/Capsis/data/phenofit4/SVN_files/species/Quercus_robur_ADuputie_Chuine.species
# climateFolderName: /Users/lizzie/Documents/git/projects/treegarden/misc/climatehazards/analyses/output/phenofitsims
# climateScenario: ERA5LAND

#			[leafMemory]	[leafMemory]	[leafMemory]	[leafMemory]	[flowerMemory]	[flowerMemory]	[flowerMemory]	leaf	leaf	leaf	flower	flower	fruit	fruit			
#year	day	mode	phase	developmentState	frostState	senescenceEffect	phase	developmentState	frostState	leafDormancyBreakDate	leafUnfoldingDate	leafSenescenceDate	flowerDormancyBreakDate	floweringDate	fruitGrowthInitDate	fruitMaturationDate	leafIndex	fruitIndex	maturationIndex	pre	tmn	tmp	tmx	pet	aet	drought_index	available_water
1952	-122	mode:3	1	0.003479	0	1	1	0.003479	0	71	86.484486	346	71	99.798396	173	299	0.999865	0.999864	0.998896								
1952	-121	mode:3	1	0.007625	1	1	1	0.007625	1	71	86.484486	346	71	99.798396	173	299	0.999865	0.999864	0.998896								
1952	-120	mode:3	1	0.011476	1	1	1	0.011476	1	71	86.484486	346	71	99.798396	173	299	0.999865	0.999864	0.998896								
1952	-119	mode:3	1	0.01517	1	1	1	0.01517	1	71	86.484486	346	71	99.798396	173	299	0.999865	0.999864	0.998896								
1952	-118	mode:3	1	0.018837	1	1	1	0.018837	1	71	86.484486	346	71	99.798396	173	299	0.999865	0.999864	0.998896								
1952	-117	mode:3	1	0.02276	1	1	1	0.02276	1	71	86.484486	346	71	99.798396	173	299	0.999865	0.999864	0.998896								
1952	-116	mode:3	1	0.026794	1	1	1	0.026794	1	71	86.484486	346	71	99.798396	173	299	0.999865	0.999864	0.998896								
1952	-115	mode:3	1	0.030684	1	1	1	0.030684	1	71	86.484486	346	71	99.798396	173	299	0.999865	0.999864	0.998896								
1952	-114	mode:3	1	0.03447	1	1	1	0.03447	1	71	86.484486	346	71	99.798396	173	299	0.999865	0.999864	0.998896								
1952	-113	mode:3	1	0.038347	1	1	1	0.038347	1	71	86.484486	346	71	99.798396	173	299	0.999865	0.999864	0.998896								
1952	-112	mode:3	1	0.04226	1	1	1	0.04226	1	71	86.484486	346	71	99.798396	173	299	0.999865	0.999864	0.998896								
1952	-111	mode:3	1	0.046385	1	1	1	0.046385	1	71	86.484486	346	71	99.798396	173	299	0.999865	0.999864	0.998896								
1952	-110	mode:3	1	0.050239	1	1	1	0.050239	1	71	86.484486	346	71	99.798396	173	299	0.999865	0.999864	0.998896								
1952	-109	mode:3	1	0.054275	1	1	1	0.054275	1	71	86.484486	346	71	99.798396	173	299	0.999865	0.999864	0.998896								
1952	-108	mode:3	1	0.058382	1	1	1	0.058382	1	71	86.484486	346	71	99.798396	173	299	0.999865	0.999864	0.998896								
1952	-107	mode:3	1	0.062351	1	1	1	0.062351	1	71	86.484486	346	71	99.798396	173	299	0.999865	0.999864	0.998896								
1952	-106	mode:3	1	0.06643	1	1	1	0.06643	1	71	86.484486	346	71	99.798396	173	299	0.999865	0.999864	0.998896								
1952	-105	mode:3	1	0.070505	1	1	1	0.070505	1	71	86.484486	346	71	99.798396	173	299	0.999865	0.999864	0.998896								
1952	-104	mode:3	1	0.075059	1	1	1	0.075059	1	71	86.484486	346	71	99.798396	173	299	0.999865	0.999864	0.998896								
1952	-103	mode:3	1	0.079431	1	1	1	0.079431	1	71	86.484486	346	71	99.798396	173	299	0.999865	0.999864	0.998896								
1952	-102	mode:3	1	0.0838	1	1	1	0.0838	1	71	86.484486	346	71	99.798396	173	299	0.999865	0.999864	0.998896								
1952	-101	mode:3	1	0.088323	1	1	1	0.088323	1	71	86.484486	346	71	99.798396	173	299	0.999865	0.999864	0.998896								
1952	-100	mode:3	1	0.092727	1	1	1	0.092727	1	71	86.484486	346	71	99.798396	173	299	0.999865	0.999864	0.998896								
1952	-99	mode:3	1	0.096779	1	1	1	0.096779	1	71	86.484486	346	71	99.798396	173	299	0.999865	0.999864	0.998896								
1952	-98	mode:3	1	0.101113	1	1	1	0.101113	1	71	86.484486	346	71	99.798396	173	299	0.999865	0.999864	0.998896								
1952	-97	mode:3	1	0.105431	1	1	1	0.105431	1	71	86.484486	346	71	99.798396	173	299	0.999865	0.999864	0.998896								
1952	-96	mode:3	1	0.10967	1	1	1	0.10967	1	71	86.484486	346	71	99.798396	173	299	0.999865	0.999864	0.998896								
1952	-95	mode:3	1	0.11414	1	1	1	0.11414	1	71	86.484486	346	71	99.798396	173	299	0.999865	0.999864	0.998896								
1952	-94	mode:3	1	0.118672	1	1	1	0.118672	1	71	86.484486	346	71	99.798396	173	299	0.999865	0.999864	0.998896								
1952	-93	mode:3	1	0.123317	1	1	1	0.123317	1	71	86.484486	346	71	99.798396	173	299	0.999865	0.999864	0.998896								
1952	-92	mode:3	1	0.127832	1	1	1	0.127832	1	71	86.484486	346	71	99.798396	173	299	0.999865	0.999864	0.998896								
1952	-91	mode:3	1	0.132499	1	1	1	0.132499	1	71	86.484486	346	71	99.798396	173	299	0.999865	0.999864	0.998896								
1952	-90	mode:3	1	0.137017	1	1	1	0.137017	1	71	86.484486	346	71	99.798396	173	299	0.999865	0.999864	0.998896								
1952	-89	mode:3	1	0.141509	1	1	1	0.141509	1	71	86.484486	346	71	99.798396	173	299	0.999865	0.999864	0.998896								
1952	-88	mode:3	1	0.145879	1	1	1	0.145879	1	71	86.484486	346	71	99.798396	173	299	0.999865	0.999864	0.998896								
1952	-87	mode:3	1	0.150485	1	1	1	0.150485	1	71	86.484486	346	71	99.798396	173	299	0.999865	0.999864	0.998896								
1952	-86	mode:3	1	0.155234	1	1	1	0.155234	1	71	86.484486	346	71	99.798396	173	299	0.999865	0.999864	0.998896								
1952	-85	mode:3	1	0.160055	1	1	1	0.160055	1	71	86.484486	346	71	99.798396	173	299	0.999865	0.999864	0.998896								
1952	-84	mode:3	1	0.164851	1	1	1	0.164851	1	71	86.484486	346	71	99.798396	173	299	0.999865	0.999864	0.998896								
1952	-83	mode:3	1	0.169712	1	1	1	0.169712	1	71	86.484486	346	71	99.798396	173	299	0.999865	0.999864	0.998896								
1952	-82	mode:3	1	0.174604	1	1	1	0.174604	1	71	86.484486	346	71	99.798396	173	299	0.999865	0.999864	0.998896								
1952	-81	mode:3	1	0.179476	1	1	1	0.179476	1	71	86.484486	346	71	99.798396	173	299	0.999865	0.999864	0.998896								
1952	-80	mode:3	1	0.18431	1	1	1	0.18431	1	71	86.484486	346	71	99.798396	173	299	0.999865	0.999864	0.998896								
1952	-79	mode:3	1	0.188887	1	1	1	0.188887	1	71	86.484486	346	71	99.798396	173	299	0.999865	0.999864	0.998896								
1952	-78	mode:3	1	0.193591	1	1	1	0.193591	1	71	86.484486	346	71	99.798396	173	299	0.999865	0.999864	0.998896								
1952	-77	mode:3	1	0.198363	1	1	1	0.198363	1	71	86.484486	346	71	99.798396	173	299	0.999865	0.999864	0.998896								
1952	-76	mode:3	1	0.20322	1	1	1	0.20322	1	71	86.484486	346	71	99.798396	173	299	0.999865	0.999864	0.998896								
1952	-75	mode:3	1	0.208076	1	1	1	0.208076	1	71	86.484486	346	71	99.798396	173	299	0.999865	0.999864	0.998896								
1952	-74	mode:3	1	0.213084	1	1	1	0.213084	1	71	86.484486	346	71	99.798396	173	299	0.999865	0.999864	0.998896								
1952	-73	mode:3	1	0.218163	1	1	1	0.218163	1	71	86.484486	346	71	99.798396	173	299	0.999865	0.999864	0.998896								
1952	-72	mode:3	1	0.223109	1	1	1	0.223109	1	71	86.484486	346	71	99.798396	173	299	0.999865	0.999864	0.998896								
1952	-71	mode:3	1	0.228092	1	1	1	0.228092	1	71	86.484486	346	71	99.798396	173	299	0.999865	0.999864	0.998896								
1952	-70	mode:3	1	0.23302	1	1	1	0.23302	1	71	86.484486	346	71	99.798396	173	299	0.999865	0.999864	0.998896								
1952	-69	mode:3	1	0.238276	1	1	1	0.238276	1	71	86.484486	346	71	99.798396	173	299	0.999865	0.999864	0.998896								
1952	-68	mode:3	1	0.243629	1	1	1	0.243629	1	71	86.484486	346	71	99.798396	173	299	0.999865	0.999864	0.998896								
1952	-67	mode:3	1	0.248879	1	1	1	0.248879	1	71	86.484486	346	71	99.798396	173	299	0.999865	0.999864	0.998896								
1952	-66	mode:3	1	0.254169	1	1	1	0.254169	1	71	86.484486	346	71	99.798396	173	299	0.999865	0.999864	0.998896								
1952	-65	mode:3	1	0.259337	1	1	1	0.259337	1	71	86.484486	346	71	99.798396	173	299	0.999865	0.999864	0.998896								
1952	-64	mode:3	1	0.264221	1	1	1	0.264221	1	71	86.484486	346	71	99.798396	173	299	0.999865	0.999864	0.998896								
1952	-63	mode:3	1	0.269221	1	1	1	0.269221	1	71	86.484486	346	71	99.798396	173	299	0.999865	0.999864	0.998896								
1952	-62	mode:3	1	0.274253	1	1	1	0.274253	1	71	86.484486	346	71	99.798396	173	299	0.999865	0.999864	0.998896								
1952	-61	mode:3	1	0.279344	0.999999	1	1	0.279344	0.999999	71	86.484486	346	71	99.798396	173	299	0.999865	0.999864	0.998896								
1952	-60	mode:3	1	0.284485	0.999999	1	1	0.284485	0.999999	71	86.484486	346	71	99.798396	173	299	0.999865	0.999864	0.998896								
1952	-59	mode:3	1	0.289484	0.999999	1	1	0.289484	0.999999	71	86.484486	346	71	99.798396	173	299	0.999865	0.999864	0.998896								
1952	-58	mode:3	1	0.294691	0.999999	1	1	0.294691	0.999999	71	86.484486	346	71	99.798396	173	299	0.999865	0.999864	0.998896								
1952	-57	mode:3	1	0.29985	0.999999	1	1	0.29985	0.999999	71	86.484486	346	71	99.798396	173	299	0.999865	0.999864	0.998896								
1952	-56	mode:3	1	0.30472	0.999999	1	1	0.30472	0.999999	71	86.484486	346	71	99.798396	173	299	0.999865	0.999864	0.998896								
1952	-55	mode:3	1	0.309526	0.999999	1	1	0.309526	0.999999	71	86.484486	346	71	99.798396	173	299	0.999865	0.999864	0.998896								
1952	-54	mode:3	1	0.314374	0.999999	1	1	0.314374	0.999999	71	86.484486	346	71	99.798396	173	299	0.999865	0.999864	0.998896								
1952	-53	mode:3	1	0.319411	0.999999	1	1	0.319411	0.999999	71	86.484486	346	71	99.798396	173	299	0.999865	0.999864	0.998896								
1952	-52	mode:3	1	0.32453	0.999999	1	1	0.32453	0.999999	71	86.484486	346	71	99.798396	173	299	0.999865	0.999864	0.998896								
1952	-51	mode:3	1	0.329689	0.999999	1	1	0.329689	0.999999	71	86.484486	346	71	99.798396	173	299	0.999865	0.999864	0.998896								
1952	-50	mode:3	1	0.334924	0.999999	1	1	0.334924	0.999999	71	86.484486	346	71	99.798396	173	299	0.999865	0.999864	0.998896								
1952	-49	mode:3	1	0.34018	0.999999	1	1	0.34018	0.999999	71	86.484486	346	71	99.798396	173	299	0.999865	0.999864	0.998896								
1952	-48	mode:3	1	0.345548	0.999999	1	1	0.345548	0.999999	71	86.484486	346	71	99.798396	173	299	0.999865	0.999864	0.998896								
1952	-47	mode:3	1	0.35093	0.999998	1	1	0.35093	0.999998	71	86.484486	346	71	99.798396	173	299	0.999865	0.999864	0.998896								
1952	-46	mode:3	1	0.356308	0.999998	1	1	0.356308	0.999998	71	86.484486	346	71	99.798396	173	299	0.999865	0.999864	0.998896								
1952	-45	mode:3	1	0.361676	0.999998	1	1	0.361676	0.999998	71	86.484486	346	71	99.798396	173	299	0.999865	0.999864	0.998896								
1952	-44	mode:3	1	0.366848	0.999998	1	1	0.366848	0.999998	71	86.484486	346	71	99.798396	173	299	0.999865	0.999864	0.998896								
1952	-43	mode:3	1	0.371822	0.999998	1	1	0.371822	0.999998	71	86.484486	346	71	99.798396	173	299	0.999865	0.999864	0.998896								
1952	-42	mode:3	1	0.377104	0.999997	1	1	0.377104	0.999997	71	86.484486	346	71	99.798396	173	299	0.999865	0.999864	0.998896								
1952	-41	mode:3	1	0.382364	0.999997	1	1	0.382364	0.999997	71	86.484486	346	71	99.798396	173	299	0.999865	0.999864	0.998896								
1952	-40	mode:3	1	0.387641	0.999997	1	1	0.387641	0.999997	71	86.484486	346	71	99.798396	173	299	0.999865	0.999864	0.998896								
1952	-39	mode:3	1	0.393038	0.999997	1	1	0.393038	0.999997	71	86.484486	346	71	99.798396	173	299	0.999865	0.999864	0.998896								
1952	-38	mode:3	1	0.398421	0.999997	1	1	0.398421	0.999997	71	86.484486	346	71	99.798396	173	299	0.999865	0.999864	0.998896								
1952	-37	mode:3	1	0.4036	0.999997	1	1	0.4036	0.999997	71	86.484486	346	71	99.798396	173	299	0.999865	0.999864	0.998896								
1952	-36	mode:3	1	0.408759	0.999997	1	1	0.408759	0.999997	71	86.484486	346	71	99.798396	173	299	0.999865	0.999864	0.998896								
1952	-35	mode:3	1	0.41405	0.999996	1	1	0.41405	0.999996	71	86.484486	346	71	99.798396	173	299	0.999865	0.999864	0.998896								
1952	-34	mode:3	1	0.419546	0.999996	1	1	0.419546	0.999996	71	86.484486	346	71	99.798396	173	299	0.999865	0.999864	0.998896								
1952	-33	mode:3	1	0.425079	0.999995	1	1	0.425079	0.999995	71	86.484486	346	71	99.798396	173	299	0.999865	0.999864	0.998896								
1952	-32	mode:3	1	0.430656	0.999994	1	1	0.430656	0.999994	71	86.484486	346	71	99.798396	173	299	0.999865	0.999864	0.998896								
1952	-31	mode:3	1	0.43621	0.999992	1	1	0.43621	0.999992	71	86.484486	346	71	99.798396	173	299	0.999865	0.999864	0.998896								
1952	-30	mode:3	1	0.441719	0.999991	1	1	0.441719	0.999991	71	86.484486	346	71	99.798396	173	299	0.999865	0.999864	0.998896								
1952	-29	mode:3	1	0.44721	0.999991	1	1	0.44721	0.999991	71	86.484486	346	71	99.798396	173	299	0.999865	0.999864	0.998896								
1952	-28	mode:3	1	0.452701	0.999991	1	1	0.452701	0.999991	71	86.484486	346	71	99.798396	173	299	0.999865	0.999864	0.998896								
1952	-27	mode:3	1	0.458284	0.999989	1	1	0.458284	0.999989	71	86.484486	346	71	99.798396	173	299	0.999865	0.999864	0.998896								
1952	-26	mode:3	1	0.463841	0.999987	1	1	0.463841	0.999987	71	86.484486	346	71	99.798396	173	299	0.999865	0.999864	0.998896								
1952	-25	mode:3	1	0.469276	0.999987	1	1	0.469276	0.999987	71	86.484486	346	71	99.798396	173	299	0.999865	0.999864	0.998896								
1952	-24	mode:3	1	0.474798	0.999987	1	1	0.474798	0.999987	71	86.484486	346	71	99.798396	173	299	0.999865	0.999864	0.998896								
1952	-23	mode:3	1	0.480331	0.999986	1	1	0.480331	0.999986	71	86.484486	346	71	99.798396	173	299	0.999865	0.999864	0.998896								
1952	-22	mode:3	1	0.485873	0.999985	1	1	0.485873	0.999985	71	86.484486	346	71	99.798396	173	299	0.999865	0.999864	0.998896								
1952	-21	mode:3	1	0.491316	0.999985	1	1	0.491316	0.999985	71	86.484486	346	71	99.798396	173	299	0.999865	0.999864	0.998896								
1952	-20	mode:3	1	0.496849	0.999984	1	1	0.496849	0.999984	71	86.484486	346	71	99.798396	173	299	0.999865	0.999864	0.998896								
1952	-19	mode:3	1	0.502389	0.999983	1	1	0.502389	0.999983	71	86.484486	346	71	99.798396	173	299	0.999865	0.999864	0.998896								
1952	-18	mode:3	1	0.507827	0.999983	1	1	0.507827	0.999983	71	86.484486	346	71	99.798396	173	299	0.999865	0.999864	0.998896								
1952	-17	mode:3	1	0.513243	0.999983	1	1	0.513243	0.999983	71	86.484486	346	71	99.798396	173	299	0.999865	0.999864	0.998896								
1952	-16	mode:3	1	0.518702	0.999982	1	1	0.518702	0.999982	71	86.484486	346	71	99.798396	173	299	0.999865	0.999864	0.998896								
1952	-15	mode:3	1	0.524266	0.999981	1	1	0.524266	0.999981	71	86.484486	346	71	99.798396	173	299	0.999865	0.999864	0.998896								
1952	-14	mode:3	1	0.529813	0.99998	1	1	0.529813	0.99998	71	86.484486	346	71	99.798396	173	299	0.999865	0.999864	0.998896								
1952	-13	mode:3	1	0.535346	0.99998	1	1	0.535346	0.99998	71	86.484486	346	71	99.798396	173	299	0.999865	0.999864	0.998896								
1952	-12	mode:3	1	0.540877	0.999979	1	1	0.540877	0.999979	71	86.484486	346	71	99.798396	173	299	0.999865	0.999864	0.998896								
1952	-11	mode:3	1	0.546324	0.999979	1	1	0.546324	0.999979	71	86.484486	346	71	99.798396	173	299	0.999865	0.999864	0.998896								
1952	-10	mode:3	1	0.551572	0.999979	1	1	0.551572	0.999979	71	86.484486	346	71	99.798396	173	299	0.999865	0.999864	0.998896								
1952	-9	mode:3	1	0.55675	0.999978	1	1	0.55675	0.999978	71	86.484486	346	71	99.798396	173	299	0.999865	0.999864	0.998896								
1952	-8	mode:3	1	0.562079	0.999978	1	1	0.562079	0.999978	71	86.484486	346	71	99.798396	173	299	0.999865	0.999864	0.998896								
1952	-7	mode:3	1	0.567515	0.999978	1	1	0.567515	0.999978	71	86.484486	346	71	99.798396	173	299	0.999865	0.999864	0.998896								
1952	-6	mode:3	1	0.573024	0.999978	1	1	0.573024	0.999978	71	86.484486	346	71	99.798396	173	299	0.999865	0.999864	0.998896								
1952	-5	mode:3	1	0.578533	0.999977	1	1	0.578533	0.999977	71	86.484486	346	71	99.798396	173	299	0.999865	0.999864	0.998896								
1952	-4	mode:3	1	0.58411	0.999976	1	1	0.58411	0.999976	71	86.484486	346	71	99.798396	173	299	0.999865	0.999864	0.998896								
1952	-3	mode:3	1	0.589735	0.999975	1	1	0.589735	0.999975	71	86.484486	346	71	99.798396	173	299	0.999865	0.999864	0.998896								
1952	-2	mode:3	1	0.595265	0.999974	1	1	0.595265	0.999974	71	86.484486	346	71	99.798396	173	299	0.999865	0.999864	0.998896								
1952	-1	mode:3	1	0.600877	0.999973	1	1	0.600877	0.999973	71	86.484486	346	71	99.798396	173	299	0.999865	0.999864	0.998896								
1952	0	mode:3	1	0.606304	0.999973	1	1	0.606304	0.999973	71	86.484486	346	71	99.798396	173	299	0.999865	0.999864	0.998896								
1952	1	mode:3	1	0.611805	0.999972	1	1	0.611805	0.999972	71	86.484486	346	71	99.798396	173	299	0.999865	0.999864	0.998896	9.995	9.346494	13.77699	18.207479	1.611195	1.611195	1	273.461
1952	2	mode:3	1	0.617465	0.99997	1	1	0.617465	0.99997	71	86.484486	346	71	99.798396	173	299	0.999865	0.999864	0.998896	0.045	5.673494	11.22249	16.771481	1.469186	1.469186	1	272.036814
1952	3	mode:3	1	0.623119	0.999969	1	1	0.623119	0.999969	71	86.484486	346	71	99.798396	173	299	0.999865	0.999864	0.998896	0.007	6.828494	11.33499	15.84148	1.407573	1.407573	1	270.636241
1952	4	mode:3	1	0.628834	0.999966	1	1	0.628834	0.999966	71	86.484486	346	71	99.798396	173	299	0.999865	0.999864	0.998896	0.044	4.967494	10.13349	15.29948	1.243168	1.243168	1	269.437073
1952	5	mode:3	1	0.634575	0.999964	1	1	0.634575	0.999964	71	86.484486	346	71	99.798396	173	299	0.999865	0.999864	0.998896	0.393	5.462494	9.546985	13.63148	1.38129	1.38129	1	268.448783
1952	6	mode:3	1	0.640235	0.999962	1	1	0.640235	0.999962	71	86.484486	346	71	99.798396	173	299	0.999865	0.999864	0.998896	0	5.445494	11.23049	17.01548	1.775353	1.775353	1	266.673429
1952	7	mode:3	1	0.645856	0.999961	1	1	0.645856	0.999961	71	86.484486	346	71	99.798396	173	299	0.999865	0.999864	0.998896	0	7.394494	11.91699	16.43948	1.545948	1.545948	1	265.127481
1952	8	mode:3	1	0.651488	0.99996	1	1	0.651488	0.99996	71	86.484486	346	71	99.798396	173	299	0.999865	0.999864	0.998896	0.002	5.813494	11.72499	17.63648	1.432822	1.432822	1	263.696659
1952	9	mode:3	1	0.657116	0.999958	1	1	0.657116	0.999958	71	86.484486	346	71	99.798396	173	299	0.999865	0.999864	0.998896	0.001	6.017494	11.80699	17.596479	1.375517	1.375517	1	262.322142
1952	10	mode:3	1	0.662763	0.999957	1	1	0.662763	0.999957	71	86.484486	346	71	99.798396	173	299	0.999865	0.999864	0.998896	0.957	6.895494	11.46199	16.028481	1.649845	1.649845	1	261.629297
1952	11	mode:3	1	0.668231	0.999956	1	1	0.668231	0.999956	71	86.484486	346	71	99.798396	173	299	0.999865	0.999864	0.998896	0	8.819494	14.23049	19.641479	1.899015	1.899015	1	259.730282
1952	12	mode:3	1	0.673711	0.999956	1	1	0.673711	0.999956	71	86.484486	346	71	99.798396	173	299	0.999865	0.999864	0.998896	6.327	9.958494	14.06599	18.173479	1.570301	1.570301	1	264.486982
1952	13	mode:3	1	0.679337	0.999955	1	1	0.679337	0.999955	71	86.484486	346	71	99.798396	173	299	0.999865	0.999864	0.998896	4.821	8.189494	11.83849	15.48748	3.113779	3.113779	1	266.194203
1952	14	mode:3	1	0.685072	0.999951	1	1	0.685072	0.999951	71	86.484486	346	71	99.798396	173	299	0.999865	0.999864	0.998896	0.003	3.477494	9.693485	15.90948	1.667394	1.667394	1	264.529809
1952	15	mode:3	1	0.690678	0.999949	1	1	0.690678	0.999949	71	86.484486	346	71	99.798396	173	299	0.999865	0.999864	0.998896	0.001	5.227494	12.16949	19.111481	1.661401	1.661401	1	262.869408
1952	16	mode:3	1	0.696293	0.999947	1	1	0.696293	0.999947	71	86.484486	346	71	99.798396	173	299	0.999865	0.999864	0.998896	0.395	6.223494	12.02299	17.822479	1.492746	1.492746	1	261.771662
1952	17	mode:3	1	0.701825	0.999947	1	1	0.701825	0.999947	71	86.484486	346	71	99.798396	173	299	0.999865	0.999864	0.998896	0.448	9.331494	13.31999	17.308479	1.571296	1.571296	1	260.648365
1952	18	mode:3	1	0.70751	0.999945	1	1	0.70751	0.999945	71	86.484486	346	71	99.798396	173	299	0.999865	0.999864	0.998896	1.434	5.649494	10.75299	15.85648	1.807438	1.807438	1	260.274927
1952	19	mode:3	1	0.713283	0.999942	1	1	0.713283	0.999942	71	86.484486	346	71	99.798396	173	299	0.999865	0.999864	0.998896	0	4.494494	8.770985	13.04748	2.30301	2.30301	1	257.971918
1952	20	mode:3	1	0.719055	0.999938	1	1	0.719055	0.999938	71	86.484486	346	71	99.798396	173	299	0.999865	0.999864	0.998896	0.001	3.913494	8.773485	13.63348	1.706106	1.706106	1	256.266812
1952	21	mode:3	1	0.724841	0.999936	1	1	0.724841	0.999936	71	86.484486	346	71	99.798396	173	299	0.999865	0.999864	0.998896	0	4.986494	8.400985	11.81548	2.207692	2.207692	1	254.05912
1952	22	mode:3	1	0.730607	0.999934	1	1	0.730607	0.999934	71	86.484486	346	71	99.798396	173	299	0.999865	0.999864	0.998896	0.133	5.057494	8.952985	12.84848	2.482941	2.482941	1	251.709179
1952	23	mode:3	1	0.736288	0.999933	1	1	0.736288	0.999933	71	86.484486	346	71	99.798396	173	299	0.999865	0.999864	0.998896	0.574	7.060494	10.81749	14.57448	2.193663	2.193663	1	250.089517
1952	24	mode:3	1	0.74201	0.999931	1	1	0.74201	0.999931	71	86.484486	346	71	99.798396	173	299	0.999865	0.999864	0.998896	1.405	5.951494	9.983985	14.01648	1.601638	1.601638	1	249.892879
1952	25	mode:3	1	0.747693	0.99993	1	1	0.747693	0.99993	71	86.484486	346	71	99.798396	173	299	0.999865	0.999864	0.998896	0.429	6.941494	10.77699	14.61248	1.424529	1.424529	1	248.897349
1952	26	mode:3	1	0.753398	0.999929	1	1	0.753398	0.999929	71	86.484486	346	71	99.798396	173	299	0.999865	0.999864	0.998896	0.631	6.406494	10.34799	14.28948	1.788498	1.788498	1	247.739851
1952	27	mode:3	1	0.759136	0.999928	1	1	0.759136	0.999928	71	86.484486	346	71	99.798396	173	299	0.999865	0.999864	0.998896	6.237	6.947494	9.624485	12.30148	1.502574	1.502574	1	252.474278
1952	28	mode:3	1	0.764922	0.999924	1	1	0.764922	0.999924	71	86.484486	346	71	99.798396	173	299	0.999865	0.999864	0.998896	1.166	3.815494	8.385485	12.95548	1.408601	1.408601	1	252.231676
1952	29	mode:3	1	0.770711	0.99992	1	1	0.770711	0.99992	71	86.484486	346	71	99.798396	173	299	0.999865	0.999864	0.998896	0.002	3.842494	8.337985	12.83348	1.4676	1.4676	1	250.766076
1952	30	mode:3	1	0.776434	0.999918	1	1	0.776434	0.999918	71	86.484486	346	71	99.798396	173	299	0.999865	0.999864	0.998896	0.001	5.007494	9.945985	14.88448	1.680256	1.680256	1	249.08682
1952	31	mode:3	1	0.78218	0.999916	1	1	0.78218	0.999916	71	86.484486	346	71	99.798396	173	299	0.999865	0.999864	0.998896	0.074	5.059494	9.446485	13.83348	1.948095	1.948095	1	247.212725
1952	32	mode:3	1	0.787727	0.999915	1	1	0.787727	0.999915	71	86.484486	346	71	99.798396	173	299	0.999865	0.999864	0.998896	0.548	6.987757	13.10212	19.21649	1.864955	1.864955	1	245.89577
1952	33	mode:3	1	0.793282	0.999914	1	1	0.793282	0.999914	71	86.484486	346	71	99.798396	173	299	0.999865	0.999864	0.998896	2.885	8.895757	12.98462	17.07349	1.422755	1.422755	1	247.358014
1952	34	mode:3	1	0.79875	0.999914	1	1	0.79875	0.999914	71	86.484486	346	71	99.798396	173	299	0.999865	0.999864	0.998896	2.587	8.591757	14.22512	19.85849	1.741252	1.741252	1	248.203763
1952	35	mode:3	1	0.804347	0.999913	1	1	0.804347	0.999913	71	86.484486	346	71	99.798396	173	299	0.999865	0.999864	0.998896	2.51	8.445757	12.33412	16.22249	1.879471	1.879471	1	248.834291
1952	36	mode:3	1	0.809996	0.999912	1	1	0.809996	0.999912	71	86.484486	346	71	99.798396	173	299	0.999865	0.999864	0.998896	0.007	8.676757	11.41562	14.15449	3.636534	3.636534	1	245.204757
1952	37	mode:3	1	0.815702	0.999911	1	1	0.815702	0.999911	71	86.484486	346	71	99.798396	173	299	0.999865	0.999864	0.998896	0	6.178757	10.32662	14.47449	3.205843	3.205843	1	241.998914
1952	38	mode:3	1	0.821366	0.999909	1	1	0.821366	0.999909	71	86.484486	346	71	99.798396	173	299	0.999865	0.999864	0.998896	0.001	5.599757	11.14412	16.68849	1.855127	1.855127	1	240.144788
1952	39	mode:3	1	0.82696	0.999908	1	1	0.82696	0.999908	71	86.484486	346	71	99.798396	173	299	0.999865	0.999864	0.998896	2.581	7.362757	12.37362	17.384489	1.952881	1.952881	1	240.772907
1952	40	mode:3	1	0.83269	0.999904	1	1	0.83269	0.999904	71	86.484486	346	71	99.798396	173	299	0.999865	0.999864	0.998896	0.016	3.984757	9.808123	15.63149	1.935387	1.935387	1	238.85352
1952	41	mode:3	1	0.838351	0.999903	1	1	0.838351	0.999903	71	86.484486	346	71	99.798396	173	299	0.999865	0.999864	0.998896	0.029	6.884757	11.19362	15.50249	1.698977	1.698977	1	237.183543
1952	42	mode:3	1	0.843925	0.999901	1	1	0.843925	0.999901	71	86.484486	346	71	99.798396	173	299	0.999865	0.999864	0.998896	0.001	5.743757	12.68912	19.634489	2.340795	2.340795	1	234.843748
1952	43	mode:3	1	0.849459	0.9999	1	1	0.849459	0.9999	71	86.484486	346	71	99.798396	173	299	0.999865	0.999864	0.998896	0.133	6.392757	13.29712	20.20149	2.074475	2.074475	1	232.902273
1952	44	mode:3	1	0.855103	0.999899	1	1	0.855103	0.999899	71	86.484486	346	71	99.798396	173	299	0.999865	0.999864	0.998896	9.853	8.504757	11.52512	14.54549	1.668234	1.668234	1	241.087039
1952	45	mode:3	1	0.860819	0.999897	1	1	0.860819	0.999897	71	86.484486	346	71	99.798396	173	299	0.999865	0.999864	0.998896	0.837	4.629757	10.11362	15.59749	2.141299	2.141299	1	239.78274
1952	46	mode:3	1	0.866517	0.999894	1	1	0.866517	0.999894	71	86.484486	346	71	99.798396	173	299	0.999865	0.999864	0.998896	2.548	5.004757	10.48012	15.95549	2.039592	2.039592	1	240.291147
1952	47	mode:3	1	0.872254	0.99989	1	1	0.872254	0.99989	71	86.484486	346	71	99.798396	173	299	0.999865	0.999864	0.998896	0.004	3.637757	9.635623	15.63349	2.066456	2.066456	1	238.228691
1952	48	mode:3	1	0.87797	0.999888	1	1	0.87797	0.999888	71	86.484486	346	71	99.798396	173	299	0.999865	0.999864	0.998896	0.126	4.677757	10.11712	15.55649	2.155104	2.155104	1	236.199588
1952	49	mode:3	1	0.88372	0.999886	1	1	0.88372	0.999886	71	86.484486	346	71	99.798396	173	299	0.999865	0.999864	0.998896	2.107	5.285757	9.336123	13.38649	1.697855	1.697855	1	236.608733
1952	50	mode:3	1	0.889386	0.999885	1	1	0.889386	0.999885	71	86.484486	346	71	99.798396	173	299	0.999865	0.999864	0.998896	3.049	7.159757	11.11462	15.06949	2.668473	2.668473	1	236.98926
1952	51	mode:3	1	0.895105	0.999882	1	1	0.895105	0.999882	71	86.484486	346	71	99.798396	173	299	0.999865	0.999864	0.998896	0	4.247757	10.03762	15.82749	2.05197	2.05197	1	234.93729
1952	52	mode:3	1	0.900719	0.999879	1	1	0.900719	0.999879	71	86.484486	346	71	99.798396	173	299	0.999865	0.999864	0.998896	0	4.993757	12.04162	19.089491	2.288868	2.288868	1	232.648422
1952	53	mode:3	1	0.906325	0.999877	1	1	0.906325	0.999877	71	86.484486	346	71	99.798396	173	299	0.999865	0.999864	0.998896	0.002	5.392757	12.16662	18.940491	2.571051	2.571051	1	230.079371
1952	54	mode:3	1	0.911909	0.999876	1	1	0.911909	0.999876	71	86.484486	346	71	99.798396	173	299	0.999865	0.999864	0.998896	0.385	7.439757	12.54012	17.64049	1.926165	1.926165	1	228.538206
1952	55	mode:3	1	0.917401	0.999876	1	1	0.917401	0.999876	71	86.484486	346	71	99.798396	173	299	0.999865	0.999864	0.998896	0.092	9.805757	13.90262	17.999491	1.893528	1.893528	1	226.736677
1952	56	mode:3	1	0.922968	0.999875	1	1	0.922968	0.999875	71	86.484486	346	71	99.798396	173	299	0.999865	0.999864	0.998896	0.759	7.474757	12.79562	18.116489	1.97774	1.97774	1	225.517937
1952	57	mode:3	1	0.928451	0.999875	1	1	0.928451	0.999875	71	86.484486	346	71	99.798396	173	299	0.999865	0.999864	0.998896	0.18	10.24376	14.02412	17.804489	1.925332	1.925332	1	223.772606
1952	58	mode:3	1	0.933943	0.999874	1	1	0.933943	0.999874	71	86.484486	346	71	99.798396	173	299	0.999865	0.999864	0.998896	0.001	7.037757	13.90112	20.76449	2.534428	2.534428	1	221.239178
1952	59	mode:3	1	0.939352	0.999873	1	1	0.939352	0.999873	71	86.484486	346	71	99.798396	173	299	0.999865	0.999864	0.998896	0.001	8.243757	15.01012	21.776489	2.618537	2.618537	1	218.621641
1952	60	mode:3	1	0.944725	0.999872	1	1	0.944725	0.999872	71	86.484486	346	71	99.798396	173	299	0.999865	0.999864	0.998896	0.004	7.958757	15.45162	22.94449	2.777065	2.777065	1	215.848576
1952	61	mode:3	1	0.949931	0.999872	1	1	0.949931	0.999872	71	86.484486	346	71	99.798396	173	299	0.999865	0.999864	0.998896	0	11.71087	17.3346	22.95833	2.868759	2.868759	1	212.979816
1952	62	mode:3	1	0.955267	0.999871	1	1	0.955267	0.999871	71	86.484486	346	71	99.798396	173	299	0.999865	0.999864	0.998896	0	8.55187	15.9016	23.251329	3.05156	3.05156	1	209.928256
1952	63	mode:3	1	0.960497	0.999871	1	1	0.960497	0.999871	71	86.484486	346	71	99.798396	173	299	0.999865	0.999864	0.998896	0.193	10.79287	17.0851	23.377331	3.243067	3.243067	1	206.87819
1952	64	mode:3	1	0.965596	0.999871	1	1	0.965596	0.999871	71	86.484486	346	71	99.798396	173	299	0.999865	0.999864	0.998896	0.285	13.52987	18.4146	23.29933	2.621676	2.621676	1	204.541513
1952	65	mode:3	1	0.970778	0.999871	1	1	0.970778	0.999871	71	86.484486	346	71	99.798396	173	299	0.999865	0.999864	0.998896	0.006	10.55687	17.594101	24.63133	3.051199	3.051199	1	201.496314
1952	66	mode:3	1	0.97586	0.999871	1	1	0.97586	0.999871	71	86.484486	346	71	99.798396	173	299	0.999865	0.999864	0.998896	0	11.84687	18.5856	25.324329	3.253499	3.253499	1	198.242815
1952	67	mode:3	1	0.980975	0.99987	1	1	0.980975	0.99987	71	86.484486	346	71	99.798396	173	299	0.999865	0.999864	0.998896	0.001	11.97587	18.2656	24.55533	3.183672	3.183672	1	195.060142
1952	68	mode:3	1	0.986024	0.99987	1	1	0.986024	0.99987	71	86.484486	346	71	99.798396	173	299	0.999865	0.999864	0.998896	0.08	13.70487	18.9051	24.10533	3.201443	3.201443	1	191.9387
1952	69	mode:3	1	0.991386	0.99987	1	1	0.991386	0.99987	71	86.484486	346	71	99.798396	173	299	0.999865	0.999864	0.998896	3.674	14.14087	15.5871	17.033331	2.005356	2.005356	1	193.607343
1952	70	mode:3	1	0.996749	0.99987	1	1	0.996749	0.99987	71	86.484486	346	71	99.798396	173	299	0.999865	0.999864	0.998896	1.777	12.05787	15.5636	19.06933	2.286026	2.286026	1	193.098317
1952	71	mode:3	1	1.002113	0.99987	1	1	1.002113	0.99987	71	86.484486	346	71	99.798396	173	299	0.999865	0.999864	0.998896	0.373	10.44087	15.5631	20.685329	2.537684	2.537684	1	190.933633
1952	72	mode:3	2	0.050764	0.99987	1	2	0.027531	0.99987	71	86.484486	346	71	99.798396	173	299	0.999865	0.999864	0.998896	12.978	14.54287	15.9596	17.376329	1.696926	1.696926	1	202.214706
1952	73	mode:3	2	0.101385	0.999869	1	2	0.054984	0.999869	71	86.484486	346	71	99.798396	173	299	0.999865	0.999864	0.998896	4.751	10.78687	15.9376	21.088329	2.341269	2.341269	1	204.624437
1952	74	mode:3	2	0.150532	0.999869	1	2	0.081639	0.999869	71	86.484486	346	71	99.798396	173	299	0.999865	0.999864	0.998896	0.002	8.72387	15.7101	22.696329	3.109765	3.109765	1	201.516672
1952	75	mode:3	2	0.200004	0.999869	1	2	0.108469	0.999869	71	86.484486	346	71	99.798396	173	299	0.999865	0.999864	0.998896	2.515	11.90487	15.7606	19.616329	2.187694	2.187694	1	201.843978
1952	76	mode:3	2	0.260696	0.999869	1	2	0.141384	0.999869	71	86.484486	346	71	99.798396	173	299	0.999865	0.999864	0.998896	0.972	14.31287	17.3866	20.460329	2.671529	2.671529	1	200.144449
1952	77	mode:3	2	0.31624	0.999869	1	2	0.171508	0.999869	71	86.484486	346	71	99.798396	173	299	0.999865	0.999864	0.998896	1.454	12.38787	16.667101	20.946329	3.326418	3.326418	1	198.272031
1952	78	mode:3	2	0.363537	0.999868	1	2	0.197159	0.999868	71	86.484486	346	71	99.798396	173	299	0.999865	0.999864	0.998896	0.333	10.43387	15.4176	20.401331	2.585264	2.585264	1	196.019767
1952	79	mode:3	2	0.414433	0.999868	1	2	0.224761	0.999868	71	86.484486	346	71	99.798396	173	299	0.999865	0.999864	0.998896	19.204	12.20287	15.9796	19.75633	2.156813	2.156813	1	213.066954
1952	80	mode:3	2	0.462257	0.999867	1	2	0.250698	0.999867	71	86.484486	346	71	99.798396	173	299	0.999865	0.999864	0.998896	0	8.00287	15.5016	23.00033	3.341063	3.341063	1	209.725892
1952	81	mode:3	2	0.543784	0.999867	1	2	0.294913	0.999867	71	86.484486	346	71	99.798396	173	299	0.999865	0.999864	0.998896	0.085	13.89687	20.000601	26.10433	3.291422	3.291422	1	206.51947
1952	82	mode:3	2	0.632106	0.999867	1	2	0.342813	0.999867	71	86.484486	346	71	99.798396	173	299	0.999865	0.999864	0.998896	0.001	15.53287	20.788601	26.044331	3.642375	3.642375	1	202.878095
1952	83	mode:3	2	0.735409	0.999867	1	2	0.398837	0.999867	71	86.484486	346	71	99.798396	173	299	0.999865	0.999864	0.998896	0.064	18.49687	22.476601	26.456329	3.564354	3.564354	1	199.377741
1952	84	mode:3	2	0.827982	0.999867	1	2	0.449043	0.999867	71	86.484486	346	71	99.798396	173	299	0.999865	0.999864	0.998896	1.075	16.83687	21.2726	25.70833	3.532047	3.532047	1	196.920694
1952	85	mode:3	2	0.90411	0.999867	1	2	0.490329	0.999867	71	86.484486	346	71	99.798396	173	299	0.999865	0.999864	0.998896	0.597	14.15287	19.3571	24.561331	3.241577	3.241577	1	194.276117
1952	86	mode:3	2	0.973155	0.999867	1	2	0.527775	0.999867	71	86.484486	346	71	99.798396	173	299	0.999865	0.999864	0.998896	0.316	15.60187	18.4816	21.36133	2.79194	2.79194	1	191.800177
1952	87	mode:3	3	0	0.999867	1	2	0.557825	0.999867	71	86.484486	346	71	99.798396	173	299	0.999865	0.999864	0.998896	0.562	12.48087	16.6476	20.814329	2.994351	2.994351	1	189.367826
1952	88	mode:3	3	0	0.999867	1	2	0.599878	0.999867	71	86.484486	346	71	99.798396	173	299	0.999865	0.999864	0.998896	0.661	14.06087	19.5271	24.99333	4.52462	4.52462	1	185.504206
1952	89	mode:3	3	0	0.999867	1	2	0.648851	0.999867	71	86.484486	346	71	99.798396	173	299	0.999865	0.999864	0.998896	1.843	17.720869	21.014601	24.308331	4.987378	4.987378	1	182.359828
1952	90	mode:3	3	0	0.999867	1	2	0.697289	0.999867	71	86.484486	346	71	99.798396	173	299	0.999865	0.999864	0.998896	0.205	16.88987	20.9021	24.91433	5.706293	5.706293	1	176.858536
1952	91	mode:3	3	0	0.999867	1	2	0.748288	0.999867	71	86.484486	346	71	99.798396	173	299	0.999865	0.999864	0.998896	0.453	16.675871	21.438101	26.200331	5.407253	5.407253	1	171.904283
1952	92	mode:3	3	0	0.999867	1	2	0.799582	0.999867	71	86.484486	346	71	99.798396	173	299	0.999865	0.999864	0.998896	2.078	17.63427	21.499371	25.36446	5.451269	5.451269	1	168.531014
1952	93	mode:3	3	0	0.999867	1	2	0.819758	0.999867	71	86.484486	346	71	99.798396	173	299	0.999865	0.999864	0.998896	20.929001	10.21427	13.65337	17.092461	2.24143	2.24143	1	187.218584
1952	94	mode:3	3	0	0.999867	1	2	0.836251	0.999866	71	86.484486	346	71	99.798396	173	299	0.999865	0.999864	0.998896	2.724	6.82427	12.24187	17.65946	3.531924	3.531924	1	186.41066
1952	95	mode:3	3	0	0.999866	1	2	0.853634	0.999866	71	86.484486	346	71	99.798396	173	299	0.999865	0.999864	0.998896	1.723	7.46527	12.60487	17.744459	3.204975	3.204975	1	184.928685
1952	96	mode:3	3	0	0.999866	1	2	0.872716	0.999865	71	86.484486	346	71	99.798396	173	299	0.999865	0.999864	0.998896	0.209	6.82527	13.25737	19.689461	3.442318	3.442318	1	181.695367
1952	97	mode:3	3	0	0.999866	1	2	0.897476	0.999865	71	86.484486	346	71	99.798396	173	299	0.999865	0.999864	0.998896	0.037	9.06227	15.15087	21.23946	3.695225	3.695225	1	178.037142
1952	98	mode:3	3	0	0.999866	1	2	0.933761	0.999865	71	86.484486	346	71	99.798396	173	299	0.999865	0.999864	0.998896	0.001	12.07427	18.20837	24.342461	4.828635	4.828635	1	173.209508
1952	99	mode:3	3	0	0.999866	1	2	0.97208	0.999865	71	86.484486	346	71	99.798396	173	299	0.999865	0.999864	0.998896	0	12.81227	18.68437	24.556459	4.775147	4.775147	1	168.43436
1952	100	mode:3	3	0	0.999866	1	3	0.013614	0.999865	71	86.484486	346	71	99.798396	173	299	0.999865	0.999864	0.998896	0.005	12.77927	17.89287	23.00646	3.510566	3.510566	1	164.928794
1952	101	mode:3	3	0	0.999866	1	3	0.027235	0.999865	71	86.484486	346	71	99.798396	173	299	0.999865	0.999864	0.998896	0.004	15.73627	20.23937	24.74246	4.426211	4.426211	1	160.506583
1952	102	mode:3	3	0	0.999866	1	3	0.040853	0.999865	71	86.484486	346	71	99.798396	173	299	0.999865	0.999864	0.998896	0.3	13.47227	18.776369	24.08046	3.965942	3.965942	1	156.840641
1952	103	mode:3	3	0	0.999866	1	3	0.054473	0.999865	71	86.484486	346	71	99.798396	173	299	0.999865	0.999864	0.998896	4.087	18.156269	19.92787	21.699459	2.352765	2.352765	1	158.574876
1952	104	mode:3	3	0	0.999866	1	3	0.068093	0.999865	71	86.484486	346	71	99.798396	173	299	0.999865	0.999864	0.998896	0.868	17.968269	20.18387	22.39946	3.629816	3.629816	1	155.813061
1952	105	mode:3	3	0	0.999866	1	3	0.081714	0.999865	71	86.484486	346	71	99.798396	173	299	0.999865	0.999864	0.998896	0.004	17.451269	21.14237	24.83346	5.875164	5.194418	1	150.622643
1952	106	mode:3	3	0	0.999866	1	3	0.095336	0.999865	71	86.484486	346	71	99.798396	173	299	0.999865	0.999864	0.998896	0.509	19.333269	23.272369	27.21146	6.231942	4.854111	1	146.277531
1952	107	mode:3	3	0	0.999866	1	3	0.108958	0.999865	71	86.484486	346	71	99.798396	173	299	0.999865	0.999864	0.998896	1.716	18.61227	24.238371	29.86446	5.444649	4.578091	1	143.41544
1952	108	mode:3	3	0	0.999866	1	3	0.12258	0.999865	71	86.484486	346	71	99.798396	173	299	0.999865	0.999864	0.998896	0.384	16.381269	22.80637	29.231461	4.855218	4.400692	1	139.398748
1952	109	mode:3	3	0	0.999866	1	3	0.136202	0.999865	71	86.484486	346	71	99.798396	173	299	0.999865	0.999864	0.998896	2.923	17.03727	23.57037	30.10346	4.882726	4.15764	1	138.164108
1952	110	mode:3	3	0	0.999866	1	3	0.149824	0.999865	71	86.484486	346	71	99.798396	173	299	0.999865	0.999864	0.998896	0.316	16.319269	22.946369	29.57346	5.436948	4.084319	1	134.395789
1952	111	mode:3	3	0	0.999866	1	3	0.163446	0.999865	71	86.484486	346	71	99.798396	173	299	0.999865	0.999864	0.998896	0.003	15.97727	23.42787	30.87846	5.638973	3.864564	1	130.534225
1952	112	mode:3	3	0	0.999866	1	3	0.177068	0.999865	71	86.484486	346	71	99.798396	173	299	0.999865	0.999864	0.998896	0.001	17.18927	23.505871	29.82246	6.725897	3.645675	1	126.889549
1952	113	mode:3	3	0	0.999866	1	3	0.190688	0.999865	71	86.484486	346	71	99.798396	173	299	0.999865	0.999864	0.998896	4.469	17.697269	20.27537	22.85346	4.363529	3.444934	1	127.913615
1952	114	mode:3	3	0	0.999866	1	3	0.20431	0.999865	71	86.484486	346	71	99.798396	173	299	0.999865	0.999864	0.998896	0.185	17.982269	21.188869	24.39546	5.351919	3.500763	1	124.597852
1952	115	mode:3	3	0	0.999866	1	3	0.217929	0.999865	71	86.484486	346	71	99.798396	173	299	0.999865	0.999864	0.998896	2.85	15.80427	19.752871	23.70146	4.621753	3.321623	1	124.126229
1952	116	mode:3	3	0	0.999866	1	3	0.231543	0.999865	71	86.484486	346	71	99.798396	173	299	0.999865	0.999864	0.998896	5.756	12.05127	17.76087	23.470461	4.76806	3.296525	1	126.585705
1952	117	mode:3	3	0	0.999866	1	3	0.245165	0.999865	71	86.484486	346	71	99.798396	173	299	0.999865	0.999864	0.998896	1.641	16.715269	22.029869	27.34446	4.921243	3.428455	1	124.798249
1952	118	mode:3	3	0	0.999866	1	3	0.258784	0.999865	71	86.484486	346	71	99.798396	173	299	0.999865	0.999864	0.998896	3.208	16.889271	19.67387	22.45846	2.93553	2.93553	1	125.07072
1952	119	mode:3	3	0	0.999866	1	3	0.272406	0.999865	71	86.484486	346	71	99.798396	173	299	0.999865	0.999864	0.998896	0.555	15.80827	21.161869	26.515459	4.867863	3.346883	1	122.278837
1952	120	mode:3	3	0	0.999866	1	3	0.286027	0.999865	71	86.484486	346	71	99.798396	173	299	0.999865	0.999864	0.998896	0.471	14.95527	20.686371	26.417459	5.259142	3.199129	1	119.550708
1952	121	mode:3	3	0	0.999866	1	3	0.299648	0.999865	71	86.484486	346	71	99.798396	173	299	0.999865	0.999864	0.998896	0.693	17.587271	21.654869	25.72246	5.061658	3.057972	1	117.185736
1952	122	mode:3	3	0	0.999866	1	3	0.313267	0.999865	71	86.484486	346	71	99.798396	173	299	0.999865	0.999864	0.998896	5.038	17.337521	19.300631	21.263741	2.836179	2.836179	1	119.387557
1952	123	mode:3	3	0	0.999866	1	3	0.326882	0.999865	71	86.484486	346	71	99.798396	173	299	0.999865	0.999864	0.998896	11.71	13.73952	18.09413	22.44874	3.625123	3.049631	1	128.047926
1952	124	mode:3	3	0	0.999866	1	3	0.340501	0.999865	71	86.484486	346	71	99.798396	173	299	0.999865	0.999864	0.998896	3.972	12.87352	18.94063	25.00774	5.084759	3.508119	1	128.511807
1952	125	mode:3	3	0	0.999866	1	3	0.354123	0.999865	71	86.484486	346	71	99.798396	173	299	0.999865	0.999864	0.998896	4.992	19.00552	22.615129	26.224739	6.790022	3.533583	1	129.970224
1952	126	mode:3	3	0	0.999866	1	3	0.367744	0.999865	71	86.484486	346	71	99.798396	173	299	0.999865	0.999864	0.998896	0.03	17.187519	22.536131	27.884741	6.127631	3.614239	1	126.385985
1952	127	mode:3	3	0	0.999866	1	3	0.381365	0.999865	71	86.484486	346	71	99.798396	173	299	0.999865	0.999864	0.998896	8.676	17.368521	20.792629	24.21674	3.441596	3.417646	1	131.644339
1952	128	mode:3	3	0	0.999866	1	3	0.394986	0.999865	71	86.484486	346	71	99.798396	173	299	0.999865	0.999864	0.998896	0.29	15.24452	20.42263	25.60074	5.136779	3.707947	1	128.226392
1952	129	mode:3	3	0	0.999866	1	3	0.408607	0.999865	71	86.484486	346	71	99.798396	173	299	0.999865	0.999864	0.998896	0.403	17.69952	21.102131	24.50474	4.834547	3.517904	1	125.111487
1952	130	mode:3	3	0	0.999866	1	3	0.422229	0.999865	71	86.484486	346	71	99.798396	173	299	0.999865	0.999864	0.998896	0.005	15.99052	21.64613	27.301741	5.581646	3.349065	1	121.767422
1952	131	mode:3	3	0	0.999866	1	3	0.43585	0.999865	71	86.484486	346	71	99.798396	173	299	0.999865	0.999864	0.998896	0.008	17.392521	22.377131	27.36174	5.248184	3.172425	1	118.602997
1952	132	mode:3	3	0	0.999866	1	3	0.449472	0.999865	71	86.484486	346	71	99.798396	173	299	0.999865	0.999864	0.998896	11.326	17.163521	22.021629	26.87974	4.700606	3.009681	1	126.919316
1952	133	mode:3	3	0	0.999866	1	3	0.463093	0.999865	71	86.484486	346	71	99.798396	173	299	0.999865	0.999864	0.998896	5.07	16.19952	21.188129	26.176741	4.401531	3.44655	1	128.542766
1952	134	mode:3	3	0	0.999866	1	3	0.476715	0.999865	71	86.484486	346	71	99.798396	173	299	0.999865	0.999864	0.998896	0.179	16.13052	22.01613	27.901739	5.040591	3.535285	1	125.18648
1952	135	mode:3	3	0	0.999866	1	3	0.490337	0.999865	71	86.484486	346	71	99.798396	173	299	0.999865	0.999864	0.998896	0.092	17.18552	23.08963	28.99374	5.440544	3.353081	1	121.925399
1952	136	mode:3	3	0	0.999866	1	3	0.503958	0.999865	71	86.484486	346	71	99.798396	173	299	0.999865	0.999864	0.998896	0.001	15.01552	22.36463	29.713739	6.353167	3.180662	1	118.745737
1952	137	mode:3	3	0	0.999866	1	3	0.51758	0.999865	71	86.484486	346	71	99.798396	173	299	0.999865	0.999864	0.998896	0.002	16.01252	23.25713	30.50174	6.924703	3.01693	1	115.730807
1952	138	mode:3	3	0	0.999866	1	3	0.531202	0.999865	71	86.484486	346	71	99.798396	173	299	0.999865	0.999864	0.998896	0.001	16.60652	24.981131	33.35574	6.601035	2.865676	1	112.866131
1952	139	mode:3	3	0	0.999866	1	3	0.544825	0.999865	71	86.484486	346	71	99.798396	173	299	0.999865	0.999864	0.998896	0.04	20.48752	25.83363	31.179741	6.152246	2.725564	1	110.180566
1952	140	mode:3	3	0	0.999866	1	3	0.558447	0.999865	71	86.484486	346	71	99.798396	173	299	0.999865	0.999864	0.998896	0.623	19.631519	24.31563	28.999741	5.54333	2.597402	0.989228	108.206164
1952	141	mode:3	3	0	0.999866	1	3	0.572069	0.999865	71	86.484486	346	71	99.798396	173	299	0.999865	0.999864	0.998896	2.761	19.712521	24.866131	30.019739	5.325005	2.505147	0.991568	108.462017
1952	142	mode:3	3	0	0.999866	1	3	0.585691	0.999865	71	86.484486	346	71	99.798396	173	299	0.999865	0.999864	0.998896	8.374	19.54952	24.178631	28.807739	5.161341	2.517008	1	114.319009
1952	143	mode:3	3	0	0.999866	1	3	0.599312	0.999865	71	86.484486	346	71	99.798396	173	299	0.999865	0.999864	0.998896	0.36	17.419519	21.533131	25.64674	4.326786	2.796186	1	111.882823
1952	144	mode:3	3	0	0.999866	1	3	0.612934	0.999865	71	86.484486	346	71	99.798396	173	299	0.999865	0.999864	0.998896	2.776	18.419519	21.95513	25.49074	4.699495	2.67828	1	111.980543
1952	145	mode:3	3	0	0.999866	1	3	0.626555	0.999865	71	86.484486	346	71	99.798396	173	299	0.999865	0.999864	0.998896	0	14.51352	21.20513	27.89674	5.9798	2.682961	0.999206	109.297582
1952	146	mode:3	3	0	0.999866	1	3	0.640177	0.999865	71	86.484486	346	71	99.798396	173	299	0.999865	0.999864	0.998896	0	17.52552	25.238131	32.950741	6.545591	2.555938	0.97584	106.741644
1952	147	mode:3	3	0	0.999866	1	3	0.653799	0.999865	71	86.484486	346	71	99.798396	173	299	0.999865	0.999864	0.998896	0.002	17.889521	24.74263	31.595739	6.462226	2.437794	0.953572	104.30585
1952	148	mode:3	3	0	0.999866	1	3	0.667421	0.999865	71	86.484486	346	71	99.798396	173	299	0.999865	0.999864	0.998896	0.003	18.006519	25.445629	32.884739	6.679707	2.327805	0.932318	101.981046
1952	149	mode:3	3	0	0.999866	1	3	0.681043	0.999865	71	86.484486	346	71	99.798396	173	299	0.999865	0.999864	0.998896	0.068	19.569521	25.709129	31.84874	6.398404	2.225195	0.912597	99.82385
1952	150	mode:3	3	0	0.999866	1	3	0.694665	0.999865	71	86.484486	346	71	99.798396	173	299	0.999865	0.999864	0.998896	0.092	20.65752	26.140129	31.62274	6.260777	2.132052	0.893946	97.783798
1952	151	mode:3	3	0	0.999866	1	3	0.708287	0.999865	71	86.484486	346	71	99.798396	173	299	0.999865	0.999864	0.998896	0.026	19.458521	25.55463	31.65074	6.820872	2.045799	0.875481	95.763999
1952	152	mode:3	3	0	0.999866	1	3	0.721909	0.999865	71	86.484486	346	71	99.798396	173	299	0.999865	0.999864	0.998896	0	20.892521	26.08363	31.27474	7.400052	1.962157	0.857543	93.801842
1952	153	mode:3	3	0	0.999866	1	3	0.735532	0.999865	71	86.484486	346	71	99.798396	173	299	0.999865	0.999864	0.998896	0.013	20.254789	26.95299	33.651192	6.45456	1.882573	0.840451	91.932269
1952	154	mode:3	3	0	0.999866	1	3	0.749154	0.999865	71	86.484486	346	71	99.798396	173	299	0.999865	0.999864	0.998896	2.347	22.459789	27.02449	31.58919	5.731432	1.808278	0.845376	92.470991
1952	155	mode:3	3	0	0.999866	1	3	0.762776	0.999865	71	86.484486	346	71	99.798396	173	299	0.999865	0.999864	0.998896	0.071	22.45779	27.230989	32.004189	6.564286	1.829533	0.8293	90.712458
1952	156	mode:3	3	0	0.999866	1	3	0.776398	0.999865	71	86.484486	346	71	99.798396	173	299	0.999865	0.999864	0.998896	4.743	22.12179	27.394489	32.667191	5.730346	1.76061	0.856565	93.694849
1952	157	mode:3	3	0	0.999866	1	3	0.79002	0.999865	71	86.484486	346	71	99.798396	173	299	0.999865	0.999864	0.998896	0.043	22.27079	28.39999	34.52919	7.276416	1.878281	0.839787	91.859567
1952	158	mode:3	3	0	0.999866	1	3	0.803642	0.999865	71	86.484486	346	71	99.798396	173	299	0.999865	0.999864	0.998896	0.001	22.04479	29.053989	36.06319	8.430629	1.805419	0.823291	90.055148
1952	159	mode:3	3	0	0.999866	1	3	0.817264	0.999865	71	86.484486	346	71	99.798396	173	299	0.999865	0.999864	0.998896	3.489	22.674789	27.317989	31.961189	5.143666	1.735187	0.839324	91.808962
1952	160	mode:3	3	0	0.999866	1	3	0.830886	0.999865	71	86.484486	346	71	99.798396	173	299	0.999865	0.999864	0.998896	4.891	24.31679	27.84399	31.371189	5.073556	1.80343	0.867551	94.896531
1952	161	mode:3	3	0	0.999866	1	3	0.844508	0.999865	71	86.484486	346	71	99.798396	173	299	0.999865	0.999864	0.998896	0.998	23.02879	26.76099	30.493191	4.478774	1.92677	0.85906	93.967761
1952	162	mode:3	3	0	0.999866	1	3	0.858131	0.999865	71	86.484486	346	71	99.798396	173	299	0.999865	0.999864	0.998896	0.042	21.922791	27.63949	33.35619	6.106879	1.889239	0.842172	92.120522
1952	163	mode:3	3	0	0.999866	1	3	0.871753	0.999865	71	86.484486	346	71	99.798396	173	299	0.999865	0.999864	0.998896	0	22.01779	29.26199	36.506191	7.574479	1.815691	0.825573	90.304831
1952	164	mode:3	3	0	0.999866	1	3	0.885375	0.999865	71	86.484486	346	71	99.798396	173	299	0.999865	0.999864	0.998896	0.001	21.699789	28.21649	34.733189	6.898757	1.744822	0.809631	88.561009
1952	165	mode:3	3	0	0.999866	1	3	0.898997	0.999865	71	86.484486	346	71	99.798396	173	299	0.999865	0.999864	0.998896	0.952	24.53879	29.13949	33.740189	6.34411	1.678086	0.802993	87.834923
1952	166	mode:3	3	0	0.999866	1	3	0.912619	0.999865	71	86.484486	346	71	99.798396	173	299	0.999865	0.999864	0.998896	0.494	22.78879	28.543489	34.298191	6.893205	1.650683	0.792419	86.67824
1952	167	mode:3	3	0	0.999866	1	3	0.926241	0.999865	71	86.484486	346	71	99.798396	173	299	0.999865	0.999864	0.998896	0.066	21.341789	28.09799	34.854191	7.341869	1.607494	0.778326	85.136746
1952	168	mode:3	3	0	0.999866	1	3	0.939863	0.999865	71	86.484486	346	71	99.798396	173	299	0.999865	0.999864	0.998896	0.092	23.220791	29.49349	35.76619	7.069425	1.550827	0.76499	83.677919
1952	169	mode:3	3	0	0.999866	1	3	0.953485	0.999865	71	86.484486	346	71	99.798396	173	299	0.999865	0.999864	0.998896	0.009	22.96179	29.540489	36.11919	6.594503	1.498135	0.751376	82.188784
1952	170	mode:3	3	0	0.999866	1	3	0.967107	0.999865	71	86.484486	346	71	99.798396	173	299	0.999865	0.999864	0.998896	3.107	24.171789	29.28599	34.400188	6.233519	1.445288	0.766567	83.850496
1952	171	mode:3	3	0	0.999866	1	3	0.98073	0.999865	71	86.484486	346	71	99.798396	173	299	0.999865	0.999864	0.998896	2.878	21.78479	27.419491	33.054192	5.840239	1.504321	0.779126	85.224176
1952	172	mode:3	3	0	0.999866	1	3	0.994352	0.999865	71	86.484486	346	71	99.798396	173	299	0.999865	0.999864	0.998896	12.626	23.470791	27.39399	31.31719	5.135596	1.554014	0.880346	96.296163
1952	173	mode:3	3	0	0.999866	1	3	1.007974	0.999865	71	86.484486	346	71	99.798396	173	299	0.999865	0.999864	0.998896	1.176	23.786791	27.68099	31.57519	5.16587	1.984025	0.872959	95.488137
1952	174	mode:3	3	0	0.999866	1	4	0.006867	0.999865	71	86.484486	346	71	99.798396	173	299	0.999865	0.999864	0.998896	0.002	21.76079	28.17099	34.581188	6.608547	1.950869	0.855143	93.539269
1952	175	mode:3	3	0	0.999866	1	4	0.012874	0.999865	71	86.484486	346	71	99.798396	173	299	0.999865	0.999864	0.998896	0.173	23.314791	29.471491	35.628189	6.492272	1.872049	0.83961	91.84022
1952	176	mode:3	3	0	0.999866	1	4	0.018066	0.999865	71	86.484486	346	71	99.798396	173	299	0.999865	0.999864	0.998896	0.004	24.105789	30.727989	37.350189	7.09429	1.804658	0.823148	90.039562
1952	177	mode:3	3	0	0.999866	1	4	0.022245	0.999865	71	86.484486	346	71	99.798396	173	299	0.999865	0.999864	0.998896	0.017	25.53879	32.396992	39.255192	7.405432	1.734586	0.807446	88.321975
1952	178	mode:3	3	0	0.999866	1	4	0.025821	0.999865	71	86.484486	346	71	99.798396	173	299	0.999865	0.999864	0.998896	0.349	26.68079	33.398491	40.116192	7.442941	1.66904	0.795378	87.001935
1952	179	mode:3	3	0	0.999866	1	4	0.029893	0.999865	71	86.484486	346	71	99.798396	173	299	0.999865	0.999864	0.998896	0.101	27.921789	32.346989	36.77219	7.869168	1.619523	0.781495	85.483413
1952	180	mode:3	3	0	0.999866	1	4	0.034916	0.999865	71	86.484486	346	71	99.798396	173	299	0.999865	0.999864	0.998896	0	25.44079	30.37199	35.303188	8.194162	1.563482	0.767202	83.919931
1952	181	mode:3	3	0	0.999866	1	4	0.039325	0.999865	71	86.484486	346	71	99.798396	173	299	0.999865	0.999864	0.998896	0.003	25.38279	31.40049	37.41819	8.359017	1.506813	0.753454	82.416118
1952	182	mode:3	3	0	0.999866	1	4	0.043145	0.999865	71	86.484486	346	71	99.798396	173	299	0.999865	0.999864	0.998896	0.001	25.36879	32.42049	39.472191	8.260495	1.453294	0.740177	80.963824
1952	183	mode:3	3	0	0.999866	1	4	0.046765	0.999865	71	86.484486	346	71	99.798396	173	299	0.999865	0.999864	0.998896	0.003	24.874729	32.689968	40.505219	8.804544	1.402527	0.727382	79.564297
1952	184	mode:3	3	0	0.999866	1	4	0.050215	0.999865	71	86.484486	346	71	99.798396	173	299	0.999865	0.999864	0.998896	0.001	25.27573	32.91597	40.556221	8.292107	1.354458	0.715009	78.210838
1952	185	mode:3	3	0	0.999866	1	4	0.054049	0.999865	71	86.484486	346	71	99.798396	173	299	0.999865	0.999864	0.998896	0	24.59573	31.986971	39.37822	8.19462	1.308769	0.703044	76.902069
1952	186	mode:3	3	0	0.999866	1	4	0.05828	0.999865	71	86.484486	346	71	99.798396	173	299	0.999865	0.999864	0.998896	0	25.614731	31.00647	36.39822	8.096468	1.265334	0.691476	75.636735
1952	187	mode:3	3	0	0.999866	1	4	0.062254	0.999865	71	86.484486	346	71	99.798396	173	299	0.999865	0.999864	0.998896	0.001	24.55773	31.414471	38.271221	8.105882	1.224038	0.680295	74.413697
1952	188	mode:3	3	0	0.999866	1	4	0.065842	0.999865	71	86.484486	346	71	99.798396	173	299	0.999865	0.999864	0.998896	0.001	26.083731	32.126968	38.170219	7.99864	1.184772	0.669473	73.229925
1952	189	mode:3	3	0	0.999866	1	4	0.068898	0.999865	71	86.484486	346	71	99.798396	173	299	0.999865	0.999864	0.998896	0.001	26.471729	33.190971	39.910221	7.947065	1.147378	0.658993	72.083547
1952	190	mode:3	3	0	0.999866	1	4	0.072163	0.999865	71	86.484486	346	71	99.798396	173	299	0.999865	0.999864	0.998896	0	26.53973	32.60997	38.680222	8.004183	1.111736	0.648829	70.971812
1952	191	mode:3	3	0	0.999866	1	4	0.075373	0.999865	71	86.484486	346	71	99.798396	173	299	0.999865	0.999864	0.998896	0.233	27.392731	32.64547	37.89822	7.154048	1.077708	0.641107	70.127104
1952	192	mode:3	3	0	0.999866	1	4	0.078687	0.999865	71	86.484486	346	71	99.798396	173	299	0.999865	0.999864	0.998896	0.035	26.28673	32.295971	38.305222	7.192874	1.052207	0.631808	69.109898
1952	193	mode:3	3	0	0.999866	1	4	0.081844	0.999865	71	86.484486	346	71	99.798396	173	299	0.999865	0.999864	0.998896	0.034	26.253731	32.55547	38.85722	7.659114	1.021903	0.622776	68.121995
1952	194	mode:3	3	0	0.999866	1	4	0.084823	0.999865	71	86.484486	346	71	99.798396	173	299	0.999865	0.999864	0.998896	2.129	27.909731	33.091469	38.27322	6.48009	0.992896	0.633162	69.258098
1952	195	mode:3	3	0	0.999866	1	4	0.088104	0.999865	71	86.484486	346	71	99.798396	173	299	0.999865	0.999864	0.998896	0.074	27.49873	32.281971	37.06522	6.724265	1.026291	0.624457	68.305808
1952	196	mode:3	3	0	0.999866	1	4	0.091572	0.999865	71	86.484486	346	71	99.798396	173	299	0.999865	0.999864	0.998896	0.179	27.90173	31.74147	35.581219	6.74785	0.998262	0.616967	67.486546
1952	197	mode:3	3	0	0.999866	1	4	0.095446	0.999865	71	86.484486	346	71	99.798396	173	299	0.999865	0.999864	0.998896	0.278	25.384729	30.66997	35.955219	6.72067	0.974459	0.6106	66.790087
1952	198	mode:3	3	0	0.999866	1	4	0.098908	0.999865	71	86.484486	346	71	99.798396	173	299	0.999865	0.999864	0.998896	0.066	26.215731	31.55797	36.900219	6.627299	0.95445	0.602477	65.901637
1952	199	mode:3	3	0	0.999866	1	4	0.102016	0.999865	71	86.484486	346	71	99.798396	173	299	0.999865	0.999864	0.998896	0.34	27.77273	32.35247	36.93222	6.513049	0.929227	0.597091	65.31241
1952	200	mode:3	3	0	0.999866	1	4	0.106924	0.999865	71	86.484486	346	71	99.798396	173	299	0.999865	0.999864	0.998896	13.018	25.65773	29.798969	33.94022	5.016835	0.912684	0.707758	77.417726
1952	201	mode:3	3	0	0.999866	1	4	0.111578	0.999865	71	86.484486	346	71	99.798396	173	299	0.999865	0.999864	0.998896	2.51	26.184731	30.48097	34.777222	5.875259	1.28236	0.718982	78.645365
1952	202	mode:3	3	0	0.999866	1	4	0.11572	0.999865	71	86.484486	346	71	99.798396	173	299	0.999865	0.999864	0.998896	0.001	25.089729	31.389971	37.69022	7.452784	1.323352	0.706893	77.323013
1952	203	mode:3	3	0	0.999866	1	4	0.12037	0.999865	71	86.484486	346	71	99.798396	173	299	0.999865	0.999864	0.998896	0.736	24.86573	30.256969	35.64822	6.360775	1.279224	0.701926	76.779789
1952	204	mode:3	3	0	0.999866	1	4	0.124908	0.999865	71	86.484486	346	71	99.798396	173	299	0.999865	0.999864	0.998896	3.129	25.85173	30.72047	35.589218	5.713156	1.261313	0.719001	78.647475
1952	205	mode:3	3	0	0.999866	1	4	0.129323	0.999865	71	86.484486	346	71	99.798396	173	299	0.999865	0.999864	0.998896	3.952	25.56473	31.268471	36.972221	6.076817	1.323423	0.743031	81.276052
1952	206	mode:3	3	0	0.999866	1	4	0.133594	0.999865	71	86.484486	346	71	99.798396	173	299	0.999865	0.999864	0.998896	0.381	25.243731	31.44297	37.64222	6.512247	1.413365	0.733594	80.243687
1952	207	mode:3	3	0	0.999866	1	4	0.138266	0.999865	71	86.484486	346	71	99.798396	173	299	0.999865	0.999864	0.998896	2.856	26.929729	30.80797	34.686218	6.099709	1.377688	0.747108	81.721999
1952	208	mode:3	3	0	0.999866	1	4	0.142867	0.999865	71	86.484486	346	71	99.798396	173	299	0.999865	0.999864	0.998896	0.009	25.57473	30.78647	35.998219	6.77544	1.428917	0.734127	80.302081
1952	209	mode:3	3	0	0.999866	1	4	0.147808	0.999865	71	86.484486	346	71	99.798396	173	299	0.999865	0.999864	0.998896	7.162	26.60873	30.768471	34.928219	5.98939	1.379694	0.78699	86.084387
1952	210	mode:3	3	0	0.999866	1	4	0.155972	0.999865	71	86.484486	346	71	99.798396	173	299	0.999865	0.999864	0.998896	27.216999	25.555731	27.97197	30.38822	4.168692	1.585543	1	111.715844
1952	211	mode:3	3	0	0.999866	1	4	0.16438	0.999865	71	86.484486	346	71	99.798396	173	299	0.999865	0.999864	0.998896	4.416	24.211729	27.60697	31.00222	4.613043	2.670292	1	113.461552
1952	212	mode:3	3	0	0.999866	1	4	0.173195	0.999865	71	86.484486	346	71	99.798396	173	299	0.999865	0.999864	0.998896	0.123	21.989731	27.000469	32.011219	5.45169	2.754398	1	110.830154
1952	213	mode:3	3	0	0.999866	1	4	0.181184	0.999865	71	86.484486	346	71	99.798396	173	299	0.999865	0.999864	0.998896	1.392	23.197729	28.23247	33.26722	5.591547	2.628119	1	109.594035
1952	214	mode:3	3	0	0.999866	1	4	0.188286	0.999865	71	86.484486	346	71	99.798396	173	299	0.999865	0.999864	0.998896	2.325	25.417709	29.54598	33.67424	5.753036	2.569822	0.999678	109.349213
1952	215	mode:3	3	0	0.999866	1	4	0.194546	0.999865	71	86.484486	346	71	99.798396	173	299	0.999865	0.999864	0.998896	1.17	25.87771	30.67448	35.471241	6.022916	2.558353	0.986986	107.96086
1952	216	mode:3	3	0	0.999866	1	4	0.201606	0.999865	71	86.484486	346	71	99.798396	173	299	0.999865	0.999864	0.998896	4.005	25.265711	29.61248	33.95924	5.098189	2.493801	1	109.472058
1952	217	mode:3	3	0	0.999866	1	4	0.207815	0.999865	71	86.484486	346	71	99.798396	173	299	0.999865	0.999864	0.998896	0.08	25.366711	30.66748	35.968239	6.25332	2.564105	0.978092	106.987954
1952	218	mode:3	3	0	0.999866	1	4	0.213902	0.999865	71	86.484486	346	71	99.798396	173	299	0.999865	0.999864	0.998896	0.001	24.55171	30.635481	36.719238	7.036238	2.449057	0.955711	104.539896
1952	219	mode:3	3	0	0.999866	1	4	0.22002	0.999865	71	86.484486	346	71	99.798396	173	299	0.999865	0.999864	0.998896	0.156	24.73871	30.385981	36.033241	6.567156	2.338263	0.935761	102.357634
1952	220	mode:3	3	0	0.999866	1	4	0.226567	0.999865	71	86.484486	346	71	99.798396	173	299	0.999865	0.999864	0.998896	1.798	26.588711	29.66148	32.734241	4.868848	2.24166	0.931705	101.913974
1952	221	mode:3	3	0	0.999866	1	4	0.233017	0.999865	71	86.484486	346	71	99.798396	173	299	0.999865	0.999864	0.998896	0.222	24.62071	29.60948	34.59824	5.520115	2.222269	0.913418	99.913705
1952	222	mode:3	3	0	0.999866	1	4	0.237718	0.999865	71	86.484486	346	71	99.798396	173	299	0.999865	0.999864	0.998896	0	26.393709	32.274979	38.156239	7.792438	2.135892	0.893892	97.777813
1952	223	mode:3	3	0	0.999866	1	4	0.243294	0.999865	71	86.484486	346	71	99.798396	173	299	0.999865	0.999864	0.998896	0.084	26.64271	30.642481	34.642239	5.828856	2.045549	0.875959	95.816264
1952	224	mode:3	3	0	0.999866	1	4	0.248938	0.999865	71	86.484486	346	71	99.798396	173	299	0.999865	0.999864	0.998896	0.001	24.00971	30.32548	36.641239	7.218565	1.964299	0.858011	93.852965
1952	225	mode:3	3	0	0.999866	1	4	0.253759	0.999865	71	86.484486	346	71	99.798396	173	299	0.999865	0.999864	0.998896	0.003	25.48171	31.57498	37.66824	7.220491	1.884626	0.840809	91.971339
1952	226	mode:3	3	0	0.999866	1	4	0.258382	0.999865	71	86.484486	346	71	99.798396	173	299	0.999865	0.999864	0.998896	0	24.53471	31.75898	38.983238	7.292301	1.809815	0.824263	90.161524
1952	227	mode:3	3	0	0.999866	1	4	0.262765	0.999865	71	86.484486	346	71	99.798396	173	299	0.999865	0.999864	0.998896	0.003	25.949711	32.034981	38.120239	7.76146	1.739289	0.80839	88.425235
1952	228	mode:3	3	0	0.999866	1	4	0.267204	0.999865	71	86.484486	346	71	99.798396	173	299	0.999865	0.999864	0.998896	0.012	25.959709	31.77648	37.593239	6.592429	1.672945	0.793205	86.76429
1952	229	mode:3	3	0	0.999866	1	4	0.272112	0.999865	71	86.484486	346	71	99.798396	173	299	0.999865	0.999864	0.998896	0.94	26.80571	30.833481	34.86124	5.727126	1.610687	0.787074	86.093603
1952	230	mode:3	3	0	0.999866	1	4	0.279591	0.999865	71	86.484486	346	71	99.798396	173	299	0.999865	0.999864	0.998896	16.348	26.09771	28.04948	30.00124	4.117548	1.585882	0.92203	100.85572
1952	231	mode:3	3	0	0.999866	1	4	0.285294	0.999865	71	86.484486	346	71	99.798396	173	299	0.999865	0.999864	0.998896	1.515	25.87071	30.846979	35.823238	5.845412	2.176358	0.915984	100.194362
1952	232	mode:3	3	0	0.999866	1	4	0.293578	0.999865	71	86.484486	346	71	99.798396	173	299	0.999865	0.999864	0.998896	4.915	24.84671	27.02198	29.197241	4.159755	2.147908	0.941281	102.961454
1952	233	mode:3	3	0	0.999866	1	4	0.304514	0.999865	71	86.484486	346	71	99.798396	173	299	0.999865	0.999864	0.998896	8.252	21.40871	23.73498	26.061239	2.425024	2.268185	0.995985	108.945269
1952	234	mode:3	3	0	0.999866	1	4	0.314956	0.999865	71	86.484486	346	71	99.798396	173	299	0.999865	0.999864	0.998896	5.76	19.623711	24.55298	29.482241	3.983607	2.539487	1	112.165782
1952	235	mode:3	3	0	0.999866	1	4	0.32489	0.999865	71	86.484486	346	71	99.798396	173	299	0.999865	0.999864	0.998896	0.191	19.431709	25.318979	31.20624	5.804197	2.691844	1	109.664938
1952	236	mode:3	3	0	0.999866	1	4	0.334945	0.999865	71	86.484486	346	71	99.798396	173	299	0.999865	0.999864	0.998896	0.721	20.741711	24.915979	29.09024	4.634158	2.573148	0.985632	107.81279
1952	237	mode:3	3	0	0.999866	1	4	0.344217	0.999865	71	86.484486	346	71	99.798396	173	299	0.999865	0.999864	0.998896	0.603	18.85471	25.860479	32.866241	5.117397	2.486965	0.968409	105.928824
1952	238	mode:3	3	0	0.999866	1	4	0.35168	0.999865	71	86.484486	346	71	99.798396	173	299	0.999865	0.999864	0.998896	0.666	23.005711	28.461479	33.91724	5.52926	2.400808	0.952549	104.194016
1952	239	mode:3	3	0	0.999866	1	4	0.358538	0.999865	71	86.484486	346	71	99.798396	173	299	0.999865	0.999864	0.998896	0.237	24.573709	29.18848	33.803242	5.123368	2.322816	0.93348	102.1082
1952	240	mode:3	3	0	0.999866	1	4	0.365393	0.999865	71	86.484486	346	71	99.798396	173	299	0.999865	0.999864	0.998896	0.081	24.299709	28.95598	33.61224	5.210014	2.230748	0.913827	99.958453
1952	241	mode:3	3	0	0.999866	1	4	0.37189	0.999865	71	86.484486	346	71	99.798396	173	299	0.999865	0.999864	0.998896	0.016	22.60671	29.31148	36.016239	5.725871	2.137806	0.89443	97.836647
1952	242	mode:3	3	0	0.999866	1	4	0.378714	0.999865	71	86.484486	346	71	99.798396	173	299	0.999865	0.999864	0.998896	0.957	24.48971	28.63798	32.78624	4.329714	2.048011	0.884456	96.745636
1952	243	mode:3	3	0	0.999866	1	4	0.384574	0.999865	71	86.484486	346	71	99.798396	173	299	0.999865	0.999864	0.998896	0	25.03871	30.048479	35.058239	6.763876	2.00259	0.866148	94.743046
1952	244	mode:3	3	0	0.999866	1	4	0.390528	0.999865	71	86.484486	346	71	99.798396	173	299	0.999865	0.999864	0.998896	0.428	25.921709	29.725479	33.52924	4.563209	1.920542	0.852503	93.250504
1952	245	mode:3	3	0	0.999866	1	4	0.397031	0.999865	71	86.484486	346	71	99.798396	173	299	0.999865	0.999864	0.998896	0.219	22.75193	28.56673	34.381531	5.365004	1.860508	0.837496	91.608996
1952	246	mode:3	3	0	0.999866	1	4	0.402225	0.999865	71	86.484486	346	71	99.798396	173	299	0.999865	0.999864	0.998896	0.028	25.91993	30.701229	35.482529	5.201704	1.795583	0.821337	89.841413
1952	247	mode:3	3	0	0.999866	1	4	0.408579	0.999865	71	86.484486	346	71	99.798396	173	299	0.999865	0.999864	0.998896	1.212	23.344931	28.54323	33.741531	4.78355	1.72696	0.816629	89.326453
1952	248	mode:3	3	0	0.999866	1	4	0.415323	0.999865	71	86.484486	346	71	99.798396	173	299	0.999865	0.999864	0.998896	1.114	23.455931	27.74823	32.040531	4.433561	1.70722	0.811206	88.733233
1952	249	mode:3	3	0	0.999866	1	4	0.421943	0.999865	71	86.484486	346	71	99.798396	173	299	0.999865	0.999864	0.998896	3.118	24.309931	28.169729	32.02953	5.023127	1.684619	0.82431	90.166614
1952	250	mode:3	3	0	0.999866	1	4	0.431592	0.999865	71	86.484486	346	71	99.798396	173	299	0.999865	0.999864	0.998896	4.516	21.33493	23.163231	24.991529	3.284795	1.739485	0.849693	92.943129
1952	251	mode:3	3	0	0.999866	1	4	0.440634	0.999865	71	86.484486	346	71	99.798396	173	299	0.999865	0.999864	0.998896	0.278	20.691931	23.972231	27.252529	3.748368	1.848263	0.835337	91.372866
1952	252	mode:3	3	0	0.999866	1	4	0.450924	0.999865	71	86.484486	346	71	99.798396	173	299	0.999865	0.999864	0.998896	3.044	20.489929	21.94223	23.394529	2.571259	1.786338	0.846835	92.630527
1952	253	mode:3	3	0	0.999866	1	4	0.460847	0.999865	71	86.484486	346	71	99.798396	173	299	0.999865	0.999864	0.998896	0.689	19.88793	22.38423	24.880529	3.382926	1.835851	0.83635	91.483676
1952	254	mode:3	3	0	0.999866	1	4	0.469605	0.999865	71	86.484486	346	71	99.798396	173	299	0.999865	0.999864	0.998896	1.939	20.55493	24.53323	28.51153	3.383719	1.790673	0.837706	91.632003
1952	255	mode:3	3	0	0.999866	1	4	0.479074	0.999865	71	86.484486	346	71	99.798396	173	299	0.999865	0.999864	0.998896	3.477	21.00493	23.552731	26.100531	3.908288	1.796485	0.85307	93.312518
1952	256	mode:3	3	0	0.999866	1	4	0.489779	0.999865	71	86.484486	346	71	99.798396	173	299	0.999865	0.999864	0.998896	6.639	19.507931	22.271231	25.034531	3.065084	1.862983	0.896732	98.088534
1952	257	mode:3	3	0	0.999866	1	4	0.5023	0.999865	71	86.484486	346	71	99.798396	173	299	0.999865	0.999864	0.998896	32.223	19.13693	21.371229	23.60553	3.229278	2.05857	1	128.252964
1952	258	mode:3	3	0.000162	0.999866	1	4	0.513641	0.999865	71	86.484486	346	71	99.798396	173	299	0.999865	0.999864	0.998896	0.024	17.66293	23.18623	28.70953	5.016022	3.519363	1	124.757601
1952	259	mode:3	3	0.000902	0.999866	1	4	0.525584	0.999865	71	86.484486	346	71	99.798396	173	299	0.999865	0.999864	0.998896	1.613	17.343929	22.26223	27.180531	3.547009	3.330146	1	123.040456
1952	260	mode:3	3	0.001557	0.999866	1	4	0.537461	0.999865	71	86.484486	346	71	99.798396	173	299	0.999865	0.999864	0.998896	1.463	18.78093	22.365231	25.94953	3.425206	3.239105	1	121.264351
1952	261	mode:3	3	0.001608	0.999866	1	4	0.548568	0.999865	71	86.484486	346	71	99.798396	173	299	0.999865	0.999864	0.998896	0.381	18.53093	23.542231	28.55353	3.493078	3.146266	1	118.499084
1952	262	mode:3	3	0.001684	0.999866	1	4	0.559739	0.999865	71	86.484486	346	71	99.798396	173	299	0.999865	0.999864	0.998896	3.694	19.74893	23.44523	27.141529	3.033355	3.00441	1	119.188675
1952	263	mode:3	3	0.001909	0.999866	1	4	0.571175	0.999865	71	86.484486	346	71	99.798396	173	299	0.999865	0.999864	0.998896	8.451	20.496929	23.04073	25.58453	3.199053	3.039479	1	124.600196
1952	264	mode:3	3	0.005177	0.999866	1	4	0.584352	0.999865	71	86.484486	346	71	99.798396	173	299	0.999865	0.999864	0.998896	1.522	17.77593	20.34823	22.92053	2.832995	2.832995	1	123.289201
1952	265	mode:3	3	0.00675	0.999866	1	4	0.596812	0.999865	71	86.484486	346	71	99.798396	173	299	0.999865	0.999864	0.998896	0.806	17.962931	21.46673	24.97053	3.047659	3.047659	1	121.047542
1952	266	mode:3	3	0.007203	0.999866	1	4	0.608509	0.999865	71	86.484486	346	71	99.798396	173	299	0.999865	0.999864	0.998896	1.109	18.649929	22.63973	26.62953	3.212904	3.135026	1	119.021516
1952	267	mode:3	3	0.007365	0.999866	1	4	0.61985	0.999865	71	86.484486	346	71	99.798396	173	299	0.999865	0.999864	0.998896	0.036	17.83493	23.18573	28.53653	3.488569	3.03096	1	116.026556
1952	268	mode:3	3	0.007365	0.999866	1	4	0.630138	0.999865	71	86.484486	346	71	99.798396	173	299	0.999865	0.999864	0.998896	0.016	19.79793	24.78573	29.773529	4.314409	2.880342	1	113.162215
1952	269	mode:3	3	0.007365	0.999866	1	4	0.640932	0.999865	71	86.484486	346	71	99.798396	173	299	0.999865	0.999864	0.998896	0.118	18.830931	24.01823	29.20553	4.471333	2.739883	1	110.540332
1952	270	mode:3	3	0.008863	0.999866	1	4	0.653352	0.999865	71	86.484486	346	71	99.798396	173	299	0.999865	0.999864	0.998896	3.557	20.13093	21.528231	22.925529	2.394394	2.394394	1	111.702938
1952	271	mode:3	3	0.009936	0.999866	1	4	0.665526	0.999865	71	86.484486	346	71	99.798396	173	299	0.999865	0.999864	0.998896	5.824	18.635929	21.90723	25.17853	3.067987	2.669675	1	114.857263
1952	272	mode:3	3	0.011852	0.999866	1	4	0.678155	0.999865	71	86.484486	346	71	99.798396	173	299	0.999865	0.999864	0.998896	18.193001	18.09693	21.20373	24.31053	2.101081	2.101081	1	130.949183
1952	273	mode:3	3	0.013471	0.999866	1	4	0.690638	0.999865	71	86.484486	346	71	99.798396	173	299	0.999865	0.999864	0.998896	6.214	18.22493	21.42923	24.63353	3.150317	3.150317	1	134.012866
1952	274	mode:3	3	0.013926	0.999866	1	4	0.702338	0.999865	71	86.484486	346	71	99.798396	173	299	0.999865	0.999864	0.998896	0.632	19.867929	22.63723	25.40653	4.390127	3.842573	1	130.802293
1952	275	mode:3	3	0.019892	0.999866	1	4	0.716328	0.999865	71	86.484486	346	71	99.798396	173	299	0.999865	0.999864	0.998896	12.722	15.62534	19.06566	22.50598	2.41469	2.41469	1	141.109603
1952	276	mode:3	3	0.028477	0.999866	1	4	0.730932	0.999865	71	86.484486	346	71	99.798396	173	299	0.999865	0.999864	0.998896	0.366	13.20434	18.08116	22.957979	2.857947	2.857947	1	138.617656
1952	277	mode:3	3	0.031318	0.999866	1	4	0.743952	0.999865	71	86.484486	346	71	99.798396	173	299	0.999865	0.999864	0.998896	0.01	15.98234	20.59466	25.20698	2.911535	2.911535	1	135.716122
1952	278	mode:3	3	0.03207	0.999866	1	4	0.755904	0.999865	71	86.484486	346	71	99.798396	173	299	0.999865	0.999864	0.998896	0.005	17.84034	22.248659	26.656981	3.26655	3.26655	1	132.454572
1952	279	mode:3	3	0.032081	0.999866	1	4	0.766853	0.999865	71	86.484486	346	71	99.798396	173	299	0.999865	0.999864	0.998896	0.018	18.52434	23.783159	29.041981	3.427151	3.427151	1	129.045421
1952	280	mode:3	3	0.032081	0.999866	1	4	0.776984	0.999865	71	86.484486	346	71	99.798396	173	299	0.999865	0.999864	0.998896	0.001	19.52634	25.023161	30.519979	3.451769	3.451769	1	125.594651
1952	281	mode:3	3	0.032081	0.999866	1	4	0.787605	0.999865	71	86.484486	346	71	99.798396	173	299	0.999865	0.999864	0.998896	0.121	20.452339	24.57066	28.68898	3.032904	3.032904	1	122.682748
1952	282	mode:3	3	0.032081	0.999866	1	4	0.798111	0.999865	71	86.484486	346	71	99.798396	173	299	0.999865	0.999864	0.998896	1.29	21.77634	24.742161	27.707979	2.738999	2.738999	1	121.233749
1952	283	mode:3	3	0.032516	0.999866	1	4	0.810004	0.999865	71	86.484486	346	71	99.798396	173	299	0.999865	0.999864	0.998896	1.819	20.498341	22.668659	24.83898	2.592089	2.592089	1	120.46066
1952	284	mode:3	3	0.032684	0.999866	1	4	0.821563	0.999865	71	86.484486	346	71	99.798396	173	299	0.999865	0.999864	0.998896	3.651	19.730339	23.17016	26.60998	2.633527	2.633527	1	121.478133
1952	285	mode:3	3	0.036275	0.999866	1	4	0.835097	0.999865	71	86.484486	346	71	99.798396	173	299	0.999865	0.999864	0.998896	13.043	18.88834	20.172159	21.45598	1.526577	1.526577	1	132.994557
1952	286	mode:3	3	0.03736	0.999866	1	4	0.847502	0.999865	71	86.484486	346	71	99.798396	173	299	0.999865	0.999864	0.998896	1.098	19.04834	21.89566	24.742979	2.230559	2.230559	1	131.861998
1952	287	mode:3	3	0.03736	0.999866	1	4	0.857509	0.999865	71	86.484486	346	71	99.798396	173	299	0.999865	0.999864	0.998896	0.408	20.98134	25.48016	29.978979	3.838368	3.720219	1	128.549779
1952	288	mode:3	3	0.039647	0.999866	1	4	0.870539	0.999865	71	86.484486	346	71	99.798396	173	299	0.999865	0.999864	0.998896	1.737	17.79434	20.94516	24.09598	2.43489	2.43489	1	127.851889
1952	289	mode:3	3	0.042679	0.999866	1	4	0.883871	0.999865	71	86.484486	346	71	99.798396	173	299	0.999865	0.999864	0.998896	0.444	17.028339	20.482161	23.93598	2.785025	2.785025	1	125.510865
1952	290	mode:3	3	0.04325	0.999866	1	4	0.895894	0.999865	71	86.484486	346	71	99.798396	173	299	0.999865	0.999864	0.998896	0.001	17.296341	22.47366	27.65098	3.402491	3.370481	1	122.141384
1952	291	mode:3	3	0.044156	0.999866	1	4	0.908179	0.999865	71	86.484486	346	71	99.798396	173	299	0.999865	0.999864	0.998896	0.001	16.910339	22.07716	27.24398	2.919462	2.919462	1	119.222922
1952	292	mode:3	3	0.045136	0.999866	1	4	0.920515	0.999865	71	86.484486	346	71	99.798396	173	299	0.999865	0.999864	0.998896	0.226	17.49334	22.00016	26.506981	2.832888	2.832888	1	116.616034
1952	293	mode:3	3	0.045221	0.999866	1	4	0.931913	0.999865	71	86.484486	346	71	99.798396	173	299	0.999865	0.999864	0.998896	6.967	20.46534	23.411659	26.357981	2.461215	2.461215	1	121.121819
1952	294	mode:3	3	0.045238	0.999866	1	4	0.943096	0.999865	71	86.484486	346	71	99.798396	173	299	0.999865	0.999864	0.998896	35.948002	21.998341	23.734159	25.46998	2.56147	2.56147	1	154.508351
1952	295	mode:3	3	0.045355	0.999866	1	4	0.954563	0.999865	71	86.484486	346	71	99.798396	173	299	0.999865	0.999864	0.998896	0.155	19.470341	23.308661	27.14698	3.143507	3.143507	1	151.519845
1952	296	mode:3	3	0.046664	0.999866	1	4	0.967104	0.999865	71	86.484486	346	71	99.798396	173	299	0.999865	0.999864	0.998896	9.978	18.63534	21.689159	24.742979	2.205161	2.205161	1	159.292684
1952	297	mode:3	3	0.047127	0.999866	1	4	0.979026	0.999865	71	86.484486	346	71	99.798396	173	299	0.999865	0.999864	0.998896	0.453	18.05934	22.62516	27.190981	2.711891	2.711891	1	157.033793
1952	298	mode:3	3	0.047132	0.999866	1	4	0.990131	0.999865	71	86.484486	346	71	99.798396	173	299	0.999865	0.999864	0.998896	0	18.314341	23.850161	29.385981	3.391811	3.391811	1	153.641982
1952	299	mode:3	3	0.047291	0.999866	1	4	1.001673	0.999865	71	86.484486	346	71	99.798396	173	299	0.999865	0.999864	0.998896	0.421	18.067341	23.196159	28.32498	2.52533	2.52533	1	151.537651
1952	300	mode:3	3	0.047466	0.999866	1	4	1.013243	0.999865	71	86.484486	346	71	99.798396	173	299	0.999865	0.999864	0.998896	2.499	20.33334	23.15416	25.974979	2.228471	2.228471	1	151.80818
1952	301	mode:3	3	0.047916	0.999866	1	4	1.025153	0.999865	71	86.484486	346	71	99.798396	173	299	0.999865	0.999864	0.998896	0.003	19.191339	22.644159	26.096979	2.162546	2.162546	1	149.648634
1952	302	mode:3	3	0.048428	0.999866	1	4	1.037121	0.999865	71	86.484486	346	71	99.798396	173	299	0.999865	0.999864	0.998896	0.032	19.04534	22.554661	26.06398	2.886905	2.886905	1	146.793729
1952	303	mode:3	3	0.048765	0.999866	1	4	1.048909	0.999865	71	86.484486	346	71	99.798396	173	299	0.999865	0.999864	0.998896	0.244	19.08234	22.828159	26.57398	2.473199	2.473199	1	144.564529
1952	304	mode:3	3	0.05467	0.999866	1	4	1.063139	0.999865	71	86.484486	346	71	99.798396	173	299	0.999865	0.999864	0.998896	7.385	16.57534	19.09066	21.60598	1.749433	1.749433	1	150.200097
1952	305	mode:3	3	0.060126	0.999866	1	4	1.077247	0.999865	71	86.484486	346	71	99.798396	173	299	0.999865	0.999864	0.998896	0.131	14.23134	19.28166	24.33198	2.325463	2.325463	1	148.005634
1952	306	mode:3	3	0.065892	0.999866	1	4	1.09144	0.999865	71	86.484486	346	71	99.798396	173	299	0.999865	0.999864	0.998896	0.049	14.76865	19.14893	23.5292	2.565872	2.565872	1	145.488762
1952	307	mode:3	3	0.07	0.999866	1	4	1.105147	0.999865	71	86.484486	346	71	99.798396	173	299	0.999865	0.999864	0.998896	0.004	14.65165	19.90543	25.159201	2.07493	2.07493	1	143.417832
1952	308	mode:3	3	0.076149	0.999866	1	4	1.119441	0.999865	71	86.484486	346	71	99.798396	173	299	0.999865	0.999864	0.998896	0.058	14.14665	18.990931	23.835199	2.205377	2.205377	1	141.270455
1952	309	mode:3	3	0.085545	0.999866	1	4	1.134485	0.999865	71	86.484486	346	71	99.798396	173	299	0.999865	0.999864	0.998896	0.056	13.38665	17.80743	22.228201	2.194557	2.194557	1	139.131898
1952	310	mode:3	3	0.096501	0.999866	1	4	1.149839	0.999865	71	86.484486	346	71	99.798396	173	299	0.999865	0.999864	0.998896	0.22	12.24065	17.313431	22.3862	2.730734	2.730734	1	136.621164
1952	311	mode:3	3	0.103777	0.999866	1	4	1.164413	0.999865	71	86.484486	346	71	99.798396	173	299	0.999865	0.999864	0.998896	0.529	13.91265	18.55093	23.189199	1.783499	1.783499	1	135.366665
1952	312	mode:3	3	0.113776	0.999866	1	4	1.17958	0.999865	71	86.484486	346	71	99.798396	173	299	0.999865	0.999864	0.998896	2.513	13.16865	17.611931	22.055201	2.00817	2.00817	1	135.871495
1952	313	mode:3	3	0.140336	0.999866	1	4	1.197154	0.999865	71	86.484486	346	71	99.798396	173	299	0.999865	0.999864	0.998896	6.317	10.56965	13.58893	16.6082	2.015348	2.015348	1	140.173147
1952	314	mode:3	3	0.173113	0.999865	1	4	1.215365	0.999864	71	86.484486	346	71	99.798396	173	299	0.999865	0.999864	0.998896	0.001	6.826654	12.43443	18.0422	2.087249	2.087249	1	138.086898
1952	315	mode:3	3	0.195267	0.999865	1	4	1.232422	0.999864	71	86.484486	346	71	99.798396	173	299	0.999865	0.999864	0.998896	0.001	7.647654	14.49143	21.335199	1.989766	1.989766	1	136.098132
1952	316	mode:3	3	0.208906	0.999865	1	0	0	0	71	86.484486	346	71	99.798396	173	299	0.999865	0.999864	0.998896	0.013	9.751654	16.539431	23.3272	1.895867	1.895867	1	134.215266
1952	317	mode:3	3	0.224195	0.999865	1	0	0	0	71	86.484486	346	71	99.798396	173	299	0.999865	0.999864	0.998896	2.596	13.81765	16.100929	18.384199	1.962223	1.962223	1	134.849043
1952	318	mode:3	3	0.251098	0.999865	1	0	0	0	71	86.484486	346	71	99.798396	173	299	0.999865	0.999864	0.998896	3.794	11.62865	13.52193	15.4152	1.524902	1.524902	1	137.11814
1952	319	mode:3	3	0.279579	0.999865	1	0	0	0	71	86.484486	346	71	99.798396	173	299	0.999865	0.999864	0.998896	2.932	10.81865	13.21893	15.6192	1.537638	1.537638	1	138.512503
1952	320	mode:3	3	0.314452	0.999865	1	0	0	0	71	86.484486	346	71	99.798396	173	299	0.999865	0.999864	0.998896	7.244	9.008654	12.07043	15.1322	1.24936	1.24936	1	144.507143
1952	321	mode:3	3	0.349024	0.999865	1	0	0	0	71	86.484486	346	71	99.798396	173	299	0.999865	0.999864	0.998896	0.645	7.581654	12.12193	16.662201	1.813626	1.813626	1	143.338517
1952	322	mode:3	3	0.382207	0.999865	1	0	0	0	71	86.484486	346	71	99.798396	173	299	0.999865	0.999864	0.998896	3.422	9.977654	12.36293	14.7482	1.511975	1.511975	1	145.248542
1952	323	mode:3	3	0.425826	0.999865	1	0	0	0	71	86.484486	346	71	99.798396	173	299	0.999865	0.999864	0.998896	11.825	9.619654	10.65793	11.6962	1.361908	1.361908	1	155.711633
1952	324	mode:3	3	0.47206	0.999864	1	0	0	0	71	86.484486	346	71	99.798396	173	299	0.999865	0.999864	0.998896	1.565	6.612654	10.26393	13.9152	1.196189	1.196189	1	156.080444
1952	325	mode:3	3	0.512525	0.999862	1	0	0	0	71	86.484486	346	71	99.798396	173	299	0.999865	0.999864	0.998896	0.042	5.824654	11.14943	16.474199	2.292565	2.292565	1	153.829879
1952	326	mode:3	3	0.550605	0.999861	1	0	0	0	71	86.484486	346	71	99.798396	173	299	0.999865	0.999864	0.998896	0.011	6.148654	11.53393	16.919201	2.393399	2.393399	1	151.44748
1952	327	mode:3	3	0.581466	0.999861	1	0	0	0	71	86.484486	346	71	99.798396	173	299	0.999865	0.999864	0.998896	0.02	6.635654	12.77743	18.919201	1.620552	1.620552	1	149.846928
1952	328	mode:3	3	0.601029	0.999861	1	0	0	0	71	86.484486	346	71	99.798396	173	299	0.999865	0.999864	0.998896	0.057	11.30865	15.06493	18.821199	1.605696	1.605696	1	148.298233
1952	329	mode:3	3	0.61781	0.999861	1	0	0	0	71	86.484486	346	71	99.798396	173	299	0.999865	0.999864	0.998896	0	9.658654	15.72443	21.790199	1.708005	1.708005	1	146.590228
1952	330	mode:3	3	0.630746	0.999861	1	0	0	0	71	86.484486	346	71	99.798396	173	299	0.999865	0.999864	0.998896	0.208	11.10065	16.73443	22.3682	2.349791	2.349791	1	144.448436
1952	331	mode:3	3	0.632206	0.999861	1	0	0	0	71	86.484486	346	71	99.798396	173	299	0.999865	0.999864	0.998896	0.157	18.23465	21.55843	24.8822	2.823263	2.823263	1	141.782173
1952	332	mode:3	3	0.635663	0.999861	1	0	0	0	71	86.484486	346	71	99.798396	173	299	0.999865	0.999864	0.998896	0.001	16.49865	20.243931	23.989201	3.170177	3.170177	1	138.612996
1952	333	mode:3	3	0.644814	0.999861	1	0	0	0	71	86.484486	346	71	99.798396	173	299	0.999865	0.999864	0.998896	0	13.11365	17.888929	22.6642	1.726088	1.726088	1	136.886907
1952	334	mode:3	3	0.657523	0.999861	1	0	0	0	71	86.484486	346	71	99.798396	173	299	0.999865	0.999864	0.998896	0.014	11.36165	16.798429	22.235201	2.130003	2.130003	1	134.770905
1952	335	mode:3	3	0.661413	0.999861	1	0	0	0	71	86.484486	346	71	99.798396	173	299	0.999865	0.999864	0.998896	0.014	16.67565	20.01543	23.3552	2.437155	2.437155	1	132.347749
1952	336	mode:3	3	0.664886	0.999861	1	0	0	0	71	86.484486	346	71	99.798396	173	299	0.999865	0.999864	0.998896	0	14.96037	20.23542	25.510481	2.421136	2.421136	1	129.926614
1952	337	mode:3	3	0.672733	0.999861	1	0	0	0	71	86.484486	346	71	99.798396	173	299	0.999865	0.999864	0.998896	0.002	13.71637	18.340919	22.965481	1.583139	1.583139	1	128.345474
1952	338	mode:3	3	0.686193	0.999861	1	0	0	0	71	86.484486	346	71	99.798396	173	299	0.999865	0.999864	0.998896	7.151	12.91537	16.588421	20.26148	1.736439	1.736439	1	133.760036
1952	339	mode:3	3	0.722564	0.999861	1	0	0	0	71	86.484486	346	71	99.798396	173	299	0.999865	0.999864	0.998896	0.01	9.64037	11.81692	13.99348	3.841587	3.828088	1	129.941948
1952	340	mode:3	3	0.762862	0.99986	1	0	0	0	71	86.484486	346	71	99.798396	173	299	0.999865	0.999864	0.998896	0.001	6.79437	11.17592	15.55748	2.044559	2.044559	1	127.898389
1952	341	mode:3	3	0.812056	0.999857	1	0	0	0	71	86.484486	346	71	99.798396	173	299	0.999865	0.999864	0.998896	0	5.07737	9.830924	14.58448	1.070189	1.070189	1	126.8282
1952	342	mode:3	3	0.861254	0.999853	1	0	0	0	71	86.484486	346	71	99.798396	173	299	0.999865	0.999864	0.998896	0.286	4.96237	9.830424	14.69848	1.295753	1.295753	1	125.818447
1952	343	mode:3	3	0.896564	0.999853	1	0	0	0	71	86.484486	346	71	99.798396	173	299	0.999865	0.999864	0.998896	0.004	7.42237	11.99592	16.569481	1.398575	1.398575	1	124.423872
1952	344	mode:3	3	0.937731	0.999852	1	0	0	0	71	86.484486	346	71	99.798396	173	299	0.999865	0.999864	0.998896	0.001	6.51337	11.03842	15.56348	1.106372	1.106372	1	123.3185
1952	345	mode:3	3	0.979747	0.99985	1	0	0	0	71	86.484486	346	71	99.798396	173	299	0.999865	0.999864	0.998896	0.003	5.59037	10.90542	16.22048	1.287159	1.287159	1	122.034341
1952	346	mode:3	3	1.019951	0.999849	0	0	0	0	71	86.484486	346	71	99.798396	173	299	0.999865	0.999864	0.998896	0.472	5.92937	11.19092	16.45248	1.32026	1.32026	1	121.186081
1952	347	mode:3	3	1.051401	0.999848	0	0	0	0	71	86.484486	346	71	99.798396	173	299	0.999865	0.999864	0.998896	0.043	6.50737	12.67092	18.83448	1.844791	1.844791	1	119.38429
1952	348	mode:3	3	1.067275	0.999848	0	0	0	0	71	86.484486	346	71	99.798396	173	299	0.999865	0.999864	0.998896	0.89	13.69437	15.95142	18.208481	2.179383	2.179383	1	118.094907
1952	349	mode:3	3	1.092299	0.999848	0	0	0	0	71	86.484486	346	71	99.798396	173	299	0.999865	0.999864	0.998896	3.406	9.39837	13.89442	18.39048	2.029411	2.029411	1	119.471496
1952	350	mode:3	3	1.135801	0.999847	0	0	0	0	71	86.484486	346	71	99.798396	173	299	0.999865	0.999864	0.998896	0.331	5.95437	10.67592	15.39748	1.698771	1.698771	1	118.103725
1952	351	mode:3	3	1.178458	0.999842	0	0	0	0	71	86.484486	346	71	99.798396	173	299	0.999865	0.999864	0.998896	0.025	4.71737	10.80592	16.89448	1.48914	1.48914	1	116.639585
1952	352	mode:3	3	1.211938	0.999841	0	0	0	0	71	86.484486	346	71	99.798396	173	299	0.999865	0.999864	0.998896	0.095	7.29437	12.31092	17.32748	1.982128	1.982128	1	114.752456
1952	353	mode:3	3	1.253855	0.99984	0	0	0	0	71	86.484486	346	71	99.798396	173	299	0.999865	0.999864	0.998896	0.845	6.23937	10.92092	15.60248	1.260188	1.260188	1	114.337268
1952	354	mode:3	3	1.296106	0.999839	0	0	0	0	71	86.484486	346	71	99.798396	173	299	0.999865	0.999864	0.998896	0.005	5.73737	10.86892	16.000481	1.384647	1.384647	1	112.957621
1952	355	mode:3	3	1.319317	0.999839	0	0	0	0	71	86.484486	346	71	99.798396	173	299	0.999865	0.999864	0.998896	0.001	8.47737	14.26742	20.05748	1.316052	1.316052	1	111.642568
1952	356	mode:3	3	1.346438	0.999838	0	0	0	0	71	86.484486	346	71	99.798396	173	299	0.999865	0.999864	0.998896	0.036	7.16637	13.47942	19.79248	1.53364	1.53364	1	110.144929
1952	357	mode:3	3	1.363644	0.999838	0	0	0	0	71	86.484486	346	71	99.798396	173	299	0.999865	0.999864	0.998896	0.001	10.67937	15.62042	20.56148	1.497951	1.497951	0.993268	108.647977
1952	358	mode:3	3	1.380355	0.999838	0	0	0	0	71	86.484486	346	71	99.798396	173	299	0.999865	0.999864	0.998896	0.002	10.27537	15.74192	21.208481	1.417037	1.417037	0.980331	107.23294
1952	359	mode:3	3	1.396293	0.999838	0	0	0	0	71	86.484486	346	71	99.798396	173	299	0.999865	0.999864	0.998896	0.002	10.19137	15.93492	21.67848	1.493115	1.493115	0.966699	105.741825
1952	360	mode:3	3	1.418688	0.999838	0	0	0	0	71	86.484486	346	71	99.798396	173	299	0.999865	0.999864	0.998896	0.167	10.68837	14.43992	18.191481	1.530981	1.530981	0.95423	104.377844
1952	361	mode:3	3	1.447759	0.999838	0	0	0	0	71	86.484486	346	71	99.798396	173	299	0.999865	0.999864	0.998896	0.008	8.85137	13.10792	17.364479	1.560957	1.560957	0.940032	102.824887
1952	362	mode:3	3	1.485805	0.999838	0	0	0	0	71	86.484486	346	71	99.798396	173	299	0.999865	0.999864	0.998896	0.38	7.19137	11.53942	15.88748	1.192792	1.192792	0.932602	102.012095
1952	363	mode:3	3	1.529647	0.999836	0	0	0	0	71	86.484486	346	71	99.798396	173	299	0.999865	0.999864	0.998896	0	5.49737	10.62392	15.75048	1.697045	1.697045	0.917087	100.31505
1952	364	mode:3	3	1.571295	0.999833	0	0	0	0	71	86.484486	346	71	99.798396	173	299	0.999865	0.999864	0.998896	7.75	5.18537	10.96292	16.74048	1.467308	1.467308	0.974524	106.597743
1952	365	mode:3	3	1.6183	0.999827	0	0	0	0	71	86.484486	346	71	99.798396	173	299	0.999865	0.999864	0.998896	0.235	4.51637	10.14992	15.78348	1.176566	1.176566	0.965916	105.656177
1952	366	mode:3	3	1.661038	0.999826	0	0	0	0	71	86.484486	346	71	99.798396	173	299	0.999865	0.999864	0.998896								
